22.0,0.0,0.0,0.0,0.0,0.0,0.0,0.0,0.0,0.0,0.0,0.0,0.0,0.0,0.0,0.0
0.0,19.0,9.0,13.0,13.0,4.0,9.0,7.0,3.0,0.0,0.0,0.0,0.0,0.0,0.0,0.0
0.0,0.0,9.0,9.0,11.0,9.0,12.0,12.0,3.0,24.0,8.0,13.0,12.0,5.0,0.0,0.0
0.0,0.0,0.0,0.0,0.0,0.0,0.0,0.0,0.0,0.0,12.0,6.0,9.0,9.0,18.0,0.0
0.0,0.0,0.0,0.0,0.0,0.0,0.0,0.0,0.0,0.0,0.0,0.0,0.0,0.0,0.0,21.0
24.0,0.0,0.0,0.0,0.0,0.0,0.0,0.0,0.0,0.0,0.0,0.0,0.0,0.0,0.0,0.0
0.0,20.0,6.0,12.0,12.0,3.0,4.0,6.0,3.0,0.0,0.0,0.0,0.0,0.0,0.0,0.0
0.0,0.0,9.0,7.0,10.0,9.0,11.0,12.0,2.0,24.0,8.0,12.0,12.0,9.0,0.0,0.0
0.0,0.0,0.0,0.0,0.0,0.0,0.0,0.0,0.0,0.0,13.0,6.0,9.0,8.0,18.0,0.0
0.0,0.0,0.0,0.0,0.0,0.0,0.0,0.0,0.0,0.0,0.0,0.0,0.0,0.0,0.0,21.0
15.0,0.0,0.0,0.0,0.0,0.0,0.0,0.0,0.0,0.0,0.0,0.0,0.0,0.0,0.0,0.0
0.0,16.0,4.0,13.0,13.0,4.0,9.0,6.0,3.0,0.0,0.0,0.0,0.0,0.0,0.0,0.0
0.0,0.0,9.0,5.0,10.0,9.0,12.0,10.0,3.0,25.0,8.0,12.0,12.0,10.0,0.0,0.0
0.0,0.0,0.0,0.0,0.0,0.0,0.0,0.0,0.0,0.0,12.0,6.0,9.0,9.0,18.0,0.0
0.0,0.0,0.0,0.0,0.0,0.0,0.0,0.0,0.0,0.0,0.0,0.0,0.0,0.0,0.0,21.0
18.0,0.0,0.0,0.0,0.0,0.0,0.0,0.0,0.0,0.0,0.0,0.0,0.0,0.0,0.0,0.0
0.0,15.0,10.0,12.0,12.0,4.0,9.0,8.0,3.0,0.0,0.0,0.0,0.0,0.0,0.0,0.0
0.0,0.0,9.0,5.0,12.0,9.0,10.0,10.0,4.0,24.0,7.0,12.0,12.0,7.0,0.0,0.0
0.0,0.0,0.0,0.0,0.0,0.0,0.0,0.0,0.0,0.0,14.0,6.0,9.0,4.0,19.0,0.0
0.0,0.0,0.0,0.0,0.0,0.0,0.0,0.0,0.0,0.0,0.0,0.0,0.0,0.0,0.0,18.0
19.0,0.0,0.0,0.0,0.0,0.0,0.0,0.0,0.0,0.0,0.0,0.0,0.0,0.0,0.0,0.0
0.0,18.0,4.0,13.0,13.0,3.0,4.0,8.0,3.0,0.0,0.0,0.0,0.0,0.0,0.0,0.0
0.0,0.0,9.0,6.0,12.0,9.0,9.0,11.0,4.0,25.0,8.0,12.0,12.0,11.0,0.0,0.0
0.0,0.0,0.0,0.0,0.0,0.0,0.0,0.0,0.0,0.0,12.0,6.0,9.0,7.0,18.0,0.0
0.0,0.0,0.0,0.0,0.0,0.0,0.0,0.0,0.0,0.0,0.0,0.0,0.0,0.0,0.0,19.0
21.0,0.0,0.0,0.0,0.0,0.0,0.0,0.0,0.0,0.0,0.0,0.0,0.0,0.0,0.0,0.0
0.0,20.0,3.0,13.0,12.0,4.0,2.0,6.0,3.0,0.0,0.0,0.0,0.0,0.0,0.0,0.0
0.0,0.0,9.0,8.0,10.0,9.0,12.0,12.0,3.0,25.0,8.0,13.0,12.0,7.0,0.0,0.0
0.0,0.0,0.0,0.0,0.0,0.0,0.0,0.0,0.0,0.0,12.0,6.0,9.0,6.0,19.0,0.0
0.0,0.0,0.0,0.0,0.0,0.0,0.0,0.0,0.0,0.0,0.0,0.0,0.0,0.0,0.0,22.0
22.0,0.0,0.0,0.0,0.0,0.0,0.0,0.0,0.0,0.0,0.0,0.0,0.0,0.0,0.0,0.0
0.0,17.0,5.0,13.0,12.0,3.0,11.0,7.0,3.0,0.0,0.0,0.0,0.0,0.0,0.0,0.0
0.0,0.0,9.0,9.0,11.0,9.0,11.0,10.0,2.0,24.0,8.0,13.0,12.0,11.0,0.0,0.0
0.0,0.0,0.0,0.0,0.0,0.0,0.0,0.0,0.0,0.0,13.0,6.0,9.0,10.0,19.0,0.0
0.0,0.0,0.0,0.0,0.0,0.0,0.0,0.0,0.0,0.0,0.0,0.0,0.0,0.0,0.0,18.0
18.0,0.0,0.0,0.0,0.0,0.0,0.0,0.0,0.0,0.0,0.0,0.0,0.0,0.0,0.0,0.0
0.0,16.0,6.0,12.0,13.0,4.0,10.0,8.0,3.0,0.0,0.0,0.0,0.0,0.0,0.0,0.0
0.0,0.0,9.0,8.0,11.0,9.0,11.0,11.0,3.0,25.0,8.0,13.0,12.0,11.0,0.0,0.0
0.0,0.0,0.0,0.0,0.0,0.0,0.0,0.0,0.0,0.0,14.0,6.0,9.0,8.0,18.0,0.0
0.0,0.0,0.0,0.0,0.0,0.0,0.0,0.0,0.0,0.0,0.0,0.0,0.0,0.0,0.0,21.0
23.0,0.0,0.0,0.0,0.0,0.0,0.0,0.0,0.0,0.0,0.0,0.0,0.0,0.0,0.0,0.0
0.0,17.0,4.0,13.0,12.0,4.0,11.0,4.0,3.0,0.0,0.0,0.0,0.0,0.0,0.0,0.0
0.0,0.0,9.0,7.0,12.0,9.0,9.0,10.0,4.0,25.0,7.0,14.0,12.0,11.0,0.0,0.0
0.0,0.0,0.0,0.0,0.0,0.0,0.0,0.0,0.0,0.0,13.0,6.0,9.0,7.0,19.0,0.0
0.0,0.0,0.0,0.0,0.0,0.0,0.0,0.0,0.0,0.0,0.0,0.0,0.0,0.0,0.0,22.0
24.0,0.0,0.0,0.0,0.0,0.0,0.0,0.0,0.0,0.0,0.0,0.0,0.0,0.0,0.0,0.0
0.0,17.0,5.0,12.0,12.0,3.0,8.0,9.0,3.0,0.0,0.0,0.0,0.0,0.0,0.0,0.0
0.0,0.0,9.0,4.0,11.0,9.0,10.0,11.0,3.0,24.0,8.0,12.0,12.0,5.0,0.0,0.0
0.0,0.0,0.0,0.0,0.0,0.0,0.0,0.0,0.0,0.0,13.0,6.0,9.0,4.0,19.0,0.0
0.0,0.0,0.0,0.0,0.0,0.0,0.0,0.0,0.0,0.0,0.0,0.0,0.0,0.0,0.0,21.0
