28.0,0.0,0.0,0.0,0.0,0.0,0.0,0.0,0.0,0.0,0.0,0.0,0.0,0.0,0.0,0.0
0.0,11.0,7.0,8.0,7.0,6.0,3.0,5.0,5.0,0.0,0.0,0.0,0.0,0.0,0.0,0.0
0.0,0.0,8.0,14.0,7.0,5.0,2.0,2.0,3.0,21.0,2.0,2.0,4.0,5.0,0.0,0.0
0.0,0.0,0.0,0.0,0.0,0.0,0.0,0.0,0.0,0.0,5.0,4.0,6.0,4.0,5.0,0.0
0.0,0.0,0.0,0.0,0.0,0.0,0.0,0.0,0.0,0.0,0.0,0.0,0.0,0.0,0.0,9.0
28.0,0.0,0.0,0.0,0.0,0.0,0.0,0.0,0.0,0.0,0.0,0.0,0.0,0.0,0.0,0.0
0.0,11.0,6.0,9.0,7.0,6.0,4.0,5.0,4.0,0.0,0.0,0.0,0.0,0.0,0.0,0.0
0.0,0.0,9.0,13.0,7.0,6.0,2.0,2.0,4.0,21.0,2.0,2.0,4.0,5.0,0.0,0.0
0.0,0.0,0.0,0.0,0.0,0.0,0.0,0.0,0.0,0.0,6.0,5.0,6.0,3.0,5.0,0.0
0.0,0.0,0.0,0.0,0.0,0.0,0.0,0.0,0.0,0.0,0.0,0.0,0.0,0.0,0.0,10.0
27.0,0.0,0.0,0.0,0.0,0.0,0.0,0.0,0.0,0.0,0.0,0.0,0.0,0.0,0.0,0.0
0.0,10.0,7.0,10.0,6.0,6.0,3.0,4.0,5.0,0.0,0.0,0.0,0.0,0.0,0.0,0.0
0.0,0.0,9.0,14.0,7.0,6.0,2.0,2.0,3.0,21.0,2.0,2.0,3.0,4.0,0.0,0.0
0.0,0.0,0.0,0.0,0.0,0.0,0.0,0.0,0.0,0.0,5.0,4.0,5.0,4.0,5.0,0.0
0.0,0.0,0.0,0.0,0.0,0.0,0.0,0.0,0.0,0.0,0.0,0.0,0.0,0.0,0.0,10.0
29.0,0.0,0.0,0.0,0.0,0.0,0.0,0.0,0.0,0.0,0.0,0.0,0.0,0.0,0.0,0.0
0.0,12.0,7.0,8.0,7.0,6.0,3.0,5.0,4.0,0.0,0.0,0.0,0.0,0.0,0.0,0.0
0.0,0.0,10.0,12.0,7.0,6.0,2.0,2.0,3.0,21.0,2.0,2.0,4.0,5.0,0.0,0.0
0.0,0.0,0.0,0.0,0.0,0.0,0.0,0.0,0.0,0.0,5.0,5.0,5.0,4.0,5.0,0.0
0.0,0.0,0.0,0.0,0.0,0.0,0.0,0.0,0.0,0.0,0.0,0.0,0.0,0.0,0.0,10.0
26.0,0.0,0.0,0.0,0.0,0.0,0.0,0.0,0.0,0.0,0.0,0.0,0.0,0.0,0.0,0.0
0.0,12.0,6.0,8.0,7.0,5.0,4.0,5.0,4.0,0.0,0.0,0.0,0.0,0.0,0.0,0.0
0.0,0.0,8.0,12.0,7.0,6.0,2.0,2.0,3.0,20.0,2.0,2.0,3.0,5.0,0.0,0.0
0.0,0.0,0.0,0.0,0.0,0.0,0.0,0.0,0.0,0.0,6.0,4.0,5.0,3.0,6.0,0.0
0.0,0.0,0.0,0.0,0.0,0.0,0.0,0.0,0.0,0.0,0.0,0.0,0.0,0.0,0.0,11.0
27.0,0.0,0.0,0.0,0.0,0.0,0.0,0.0,0.0,0.0,0.0,0.0,0.0,0.0,0.0,0.0
0.0,12.0,6.0,8.0,6.0,5.0,3.0,5.0,4.0,0.0,0.0,0.0,0.0,0.0,0.0,0.0
0.0,0.0,10.0,14.0,7.0,6.0,2.0,2.0,3.0,20.0,2.0,2.0,4.0,5.0,0.0,0.0
0.0,0.0,0.0,0.0,0.0,0.0,0.0,0.0,0.0,0.0,6.0,4.0,6.0,4.0,5.0,0.0
0.0,0.0,0.0,0.0,0.0,0.0,0.0,0.0,0.0,0.0,0.0,0.0,0.0,0.0,0.0,10.0
27.0,0.0,0.0,0.0,0.0,0.0,0.0,0.0,0.0,0.0,0.0,0.0,0.0,0.0,0.0,0.0
0.0,12.0,6.0,9.0,7.0,5.0,3.0,4.0,4.0,0.0,0.0,0.0,0.0,0.0,0.0,0.0
0.0,0.0,9.0,12.0,7.0,6.0,2.0,2.0,4.0,22.0,2.0,2.0,3.0,5.0,0.0,0.0
0.0,0.0,0.0,0.0,0.0,0.0,0.0,0.0,0.0,0.0,6.0,4.0,5.0,3.0,5.0,0.0
0.0,0.0,0.0,0.0,0.0,0.0,0.0,0.0,0.0,0.0,0.0,0.0,0.0,0.0,0.0,10.0
26.0,0.0,0.0,0.0,0.0,0.0,0.0,0.0,0.0,0.0,0.0,0.0,0.0,0.0,0.0,0.0
0.0,12.0,7.0,9.0,7.0,6.0,3.0,5.0,4.0,0.0,0.0,0.0,0.0,0.0,0.0,0.0
0.0,0.0,9.0,12.0,6.0,5.0,2.0,2.0,3.0,20.0,2.0,2.0,3.0,4.0,0.0,0.0
0.0,0.0,0.0,0.0,0.0,0.0,0.0,0.0,0.0,0.0,5.0,5.0,6.0,4.0,5.0,0.0
0.0,0.0,0.0,0.0,0.0,0.0,0.0,0.0,0.0,0.0,0.0,0.0,0.0,0.0,0.0,10.0
28.0,0.0,0.0,0.0,0.0,0.0,0.0,0.0,0.0,0.0,0.0,0.0,0.0,0.0,0.0,0.0
0.0,11.0,7.0,10.0,7.0,6.0,3.0,4.0,5.0,0.0,0.0,0.0,0.0,0.0,0.0,0.0
0.0,0.0,10.0,15.0,7.0,5.0,2.0,2.0,3.0,21.0,2.0,2.0,3.0,4.0,0.0,0.0
0.0,0.0,0.0,0.0,0.0,0.0,0.0,0.0,0.0,0.0,6.0,4.0,5.0,3.0,6.0,0.0
0.0,0.0,0.0,0.0,0.0,0.0,0.0,0.0,0.0,0.0,0.0,0.0,0.0,0.0,0.0,10.0
27.0,0.0,0.0,0.0,0.0,0.0,0.0,0.0,0.0,0.0,0.0,0.0,0.0,0.0,0.0,0.0
0.0,12.0,7.0,9.0,7.0,6.0,4.0,4.0,4.0,0.0,0.0,0.0,0.0,0.0,0.0,0.0
0.0,0.0,9.0,14.0,7.0,5.0,2.0,2.0,3.0,19.0,2.0,2.0,4.0,4.0,0.0,0.0
0.0,0.0,0.0,0.0,0.0,0.0,0.0,0.0,0.0,0.0,6.0,4.0,6.0,3.0,6.0,0.0
0.0,0.0,0.0,0.0,0.0,0.0,0.0,0.0,0.0,0.0,0.0,0.0,0.0,0.0,0.0,10.0
29.0,0.0,0.0,0.0,0.0,0.0,0.0,0.0,0.0,0.0,0.0,0.0,0.0,0.0,0.0,0.0
0.0,11.0,7.0,8.0,7.0,6.0,3.0,5.0,4.0,0.0,0.0,0.0,0.0,0.0,0.0,0.0
0.0,0.0,8.0,13.0,6.0,6.0,2.0,2.0,4.0,21.0,2.0,2.0,3.0,4.0,0.0,0.0
0.0,0.0,0.0,0.0,0.0,0.0,0.0,0.0,0.0,0.0,5.0,5.0,6.0,4.0,5.0,0.0
0.0,0.0,0.0,0.0,0.0,0.0,0.0,0.0,0.0,0.0,0.0,0.0,0.0,0.0,0.0,10.0
28.0,0.0,0.0,0.0,0.0,0.0,0.0,0.0,0.0,0.0,0.0,0.0,0.0,0.0,0.0,0.0
0.0,12.0,7.0,9.0,6.0,6.0,4.0,4.0,4.0,0.0,0.0,0.0,0.0,0.0,0.0,0.0
0.0,0.0,9.0,13.0,6.0,5.0,2.0,2.0,3.0,20.0,2.0,2.0,4.0,5.0,0.0,0.0
0.0,0.0,0.0,0.0,0.0,0.0,0.0,0.0,0.0,0.0,6.0,4.0,6.0,3.0,6.0,0.0
0.0,0.0,0.0,0.0,0.0,0.0,0.0,0.0,0.0,0.0,0.0,0.0,0.0,0.0,0.0,11.0
25.0,0.0,0.0,0.0,0.0,0.0,0.0,0.0,0.0,0.0,0.0,0.0,0.0,0.0,0.0,0.0
0.0,12.0,7.0,9.0,7.0,5.0,3.0,4.0,4.0,0.0,0.0,0.0,0.0,0.0,0.0,0.0
0.0,0.0,9.0,12.0,7.0,6.0,2.0,2.0,4.0,20.0,2.0,2.0,3.0,5.0,0.0,0.0
0.0,0.0,0.0,0.0,0.0,0.0,0.0,0.0,0.0,0.0,5.0,5.0,6.0,3.0,6.0,0.0
0.0,0.0,0.0,0.0,0.0,0.0,0.0,0.0,0.0,0.0,0.0,0.0,0.0,0.0,0.0,9.0
28.0,0.0,0.0,0.0,0.0,0.0,0.0,0.0,0.0,0.0,0.0,0.0,0.0,0.0,0.0,0.0
0.0,12.0,7.0,9.0,7.0,5.0,3.0,4.0,5.0,0.0,0.0,0.0,0.0,0.0,0.0,0.0
0.0,0.0,9.0,14.0,7.0,6.0,2.0,2.0,3.0,21.0,2.0,2.0,3.0,5.0,0.0,0.0
0.0,0.0,0.0,0.0,0.0,0.0,0.0,0.0,0.0,0.0,6.0,4.0,5.0,4.0,5.0,0.0
0.0,0.0,0.0,0.0,0.0,0.0,0.0,0.0,0.0,0.0,0.0,0.0,0.0,0.0,0.0,11.0
27.0,0.0,0.0,0.0,0.0,0.0,0.0,0.0,0.0,0.0,0.0,0.0,0.0,0.0,0.0,0.0
0.0,11.0,7.0,9.0,7.0,6.0,3.0,5.0,5.0,0.0,0.0,0.0,0.0,0.0,0.0,0.0
0.0,0.0,10.0,13.0,6.0,6.0,2.0,2.0,3.0,22.0,2.0,2.0,3.0,4.0,0.0,0.0
0.0,0.0,0.0,0.0,0.0,0.0,0.0,0.0,0.0,0.0,5.0,4.0,6.0,3.0,6.0,0.0
0.0,0.0,0.0,0.0,0.0,0.0,0.0,0.0,0.0,0.0,0.0,0.0,0.0,0.0,0.0,11.0
27.0,0.0,0.0,0.0,0.0,0.0,0.0,0.0,0.0,0.0,0.0,0.0,0.0,0.0,0.0,0.0
0.0,10.0,7.0,10.0,7.0,6.0,4.0,4.0,5.0,0.0,0.0,0.0,0.0,0.0,0.0,0.0
0.0,0.0,9.0,13.0,7.0,5.0,2.0,2.0,4.0,23.0,2.0,2.0,4.0,5.0,0.0,0.0
0.0,0.0,0.0,0.0,0.0,0.0,0.0,0.0,0.0,0.0,5.0,4.0,5.0,3.0,6.0,0.0
0.0,0.0,0.0,0.0,0.0,0.0,0.0,0.0,0.0,0.0,0.0,0.0,0.0,0.0,0.0,10.0
27.0,0.0,0.0,0.0,0.0,0.0,0.0,0.0,0.0,0.0,0.0,0.0,0.0,0.0,0.0,0.0
0.0,12.0,6.0,9.0,7.0,5.0,3.0,5.0,4.0,0.0,0.0,0.0,0.0,0.0,0.0,0.0
0.0,0.0,9.0,13.0,6.0,6.0,2.0,2.0,4.0,21.0,2.0,2.0,4.0,4.0,0.0,0.0
0.0,0.0,0.0,0.0,0.0,0.0,0.0,0.0,0.0,0.0,6.0,5.0,6.0,4.0,5.0,0.0
0.0,0.0,0.0,0.0,0.0,0.0,0.0,0.0,0.0,0.0,0.0,0.0,0.0,0.0,0.0,9.0
26.0,0.0,0.0,0.0,0.0,0.0,0.0,0.0,0.0,0.0,0.0,0.0,0.0,0.0,0.0,0.0
0.0,11.0,7.0,10.0,6.0,5.0,4.0,5.0,5.0,0.0,0.0,0.0,0.0,0.0,0.0,0.0
0.0,0.0,9.0,14.0,7.0,6.0,2.0,2.0,4.0,21.0,2.0,2.0,4.0,5.0,0.0,0.0
0.0,0.0,0.0,0.0,0.0,0.0,0.0,0.0,0.0,0.0,6.0,4.0,5.0,3.0,5.0,0.0
0.0,0.0,0.0,0.0,0.0,0.0,0.0,0.0,0.0,0.0,0.0,0.0,0.0,0.0,0.0,9.0
28.0,0.0,0.0,0.0,0.0,0.0,0.0,0.0,0.0,0.0,0.0,0.0,0.0,0.0,0.0,0.0
0.0,12.0,6.0,10.0,7.0,5.0,3.0,4.0,5.0,0.0,0.0,0.0,0.0,0.0,0.0,0.0
0.0,0.0,8.0,12.0,7.0,5.0,2.0,2.0,3.0,22.0,2.0,2.0,4.0,4.0,0.0,0.0
0.0,0.0,0.0,0.0,0.0,0.0,0.0,0.0,0.0,0.0,5.0,5.0,5.0,3.0,5.0,0.0
0.0,0.0,0.0,0.0,0.0,0.0,0.0,0.0,0.0,0.0,0.0,0.0,0.0,0.0,0.0,10.0
28.0,0.0,0.0,0.0,0.0,0.0,0.0,0.0,0.0,0.0,0.0,0.0,0.0,0.0,0.0,0.0
0.0,12.0,7.0,9.0,6.0,5.0,4.0,4.0,4.0,0.0,0.0,0.0,0.0,0.0,0.0,0.0
0.0,0.0,8.0,14.0,7.0,6.0,2.0,2.0,3.0,21.0,2.0,2.0,4.0,5.0,0.0,0.0
0.0,0.0,0.0,0.0,0.0,0.0,0.0,0.0,0.0,0.0,6.0,4.0,6.0,3.0,6.0,0.0
0.0,0.0,0.0,0.0,0.0,0.0,0.0,0.0,0.0,0.0,0.0,0.0,0.0,0.0,0.0,11.0
