24.0,0.0,0.0,0.0,0.0,0.0,0.0,0.0,0.0,0.0,0.0,0.0,0.0,0.0,0.0,0.0
0.0,15.0,13.0,5.0,10.0,9.0,9.0,2.0,4.0,0.0,0.0,0.0,0.0,0.0,0.0,0.0
0.0,0.0,8.0,13.0,11.0,8.0,11.0,5.0,4.0,27.0,11.0,2.0,5.0,10.0,0.0,0.0
0.0,0.0,0.0,0.0,0.0,0.0,0.0,0.0,0.0,0.0,8.0,11.0,6.0,12.0,22.0,0.0
0.0,0.0,0.0,0.0,0.0,0.0,0.0,0.0,0.0,0.0,0.0,0.0,0.0,0.0,0.0,15.0
20.0,0.0,0.0,0.0,0.0,0.0,0.0,0.0,0.0,0.0,0.0,0.0,0.0,0.0,0.0,0.0
0.0,21.0,13.0,6.0,10.0,8.0,7.0,10.0,5.0,0.0,0.0,0.0,0.0,0.0,0.0,0.0
0.0,0.0,6.0,13.0,10.0,13.0,12.0,7.0,2.0,26.0,11.0,2.0,5.0,13.0,0.0,0.0
0.0,0.0,0.0,0.0,0.0,0.0,0.0,0.0,0.0,0.0,7.0,11.0,6.0,12.0,21.0,0.0
0.0,0.0,0.0,0.0,0.0,0.0,0.0,0.0,0.0,0.0,0.0,0.0,0.0,0.0,0.0,15.0
26.0,0.0,0.0,0.0,0.0,0.0,0.0,0.0,0.0,0.0,0.0,0.0,0.0,0.0,0.0,0.0
0.0,22.0,10.0,3.0,7.0,8.0,7.0,7.0,5.0,0.0,0.0,0.0,0.0,0.0,0.0,0.0
0.0,0.0,8.0,13.0,10.0,14.0,11.0,7.0,6.0,23.0,11.0,2.0,5.0,10.0,0.0,0.0
0.0,0.0,0.0,0.0,0.0,0.0,0.0,0.0,0.0,0.0,5.0,7.0,6.0,12.0,20.0,0.0
0.0,0.0,0.0,0.0,0.0,0.0,0.0,0.0,0.0,0.0,0.0,0.0,0.0,0.0,0.0,15.0
25.0,0.0,0.0,0.0,0.0,0.0,0.0,0.0,0.0,0.0,0.0,0.0,0.0,0.0,0.0,0.0
0.0,16.0,7.0,3.0,8.0,5.0,9.0,5.0,6.0,0.0,0.0,0.0,0.0,0.0,0.0,0.0
0.0,0.0,9.0,14.0,11.0,7.0,13.0,7.0,5.0,25.0,11.0,2.0,5.0,11.0,0.0,0.0
0.0,0.0,0.0,0.0,0.0,0.0,0.0,0.0,0.0,0.0,9.0,8.0,6.0,12.0,23.0,0.0
0.0,0.0,0.0,0.0,0.0,0.0,0.0,0.0,0.0,0.0,0.0,0.0,0.0,0.0,0.0,14.0
20.0,0.0,0.0,0.0,0.0,0.0,0.0,0.0,0.0,0.0,0.0,0.0,0.0,0.0,0.0,0.0
0.0,24.0,9.0,5.0,7.0,8.0,8.0,7.0,5.0,0.0,0.0,0.0,0.0,0.0,0.0,0.0
0.0,0.0,9.0,11.0,10.0,8.0,12.0,7.0,5.0,22.0,11.0,2.0,5.0,11.0,0.0,0.0
0.0,0.0,0.0,0.0,0.0,0.0,0.0,0.0,0.0,0.0,5.0,12.0,6.0,12.0,22.0,0.0
0.0,0.0,0.0,0.0,0.0,0.0,0.0,0.0,0.0,0.0,0.0,0.0,0.0,0.0,0.0,14.0
19.0,0.0,0.0,0.0,0.0,0.0,0.0,0.0,0.0,0.0,0.0,0.0,0.0,0.0,0.0,0.0
0.0,23.0,8.0,7.0,10.0,9.0,9.0,10.0,3.0,0.0,0.0,0.0,0.0,0.0,0.0,0.0
0.0,0.0,6.0,14.0,11.0,9.0,13.0,7.0,6.0,25.0,11.0,2.0,5.0,11.0,0.0,0.0
0.0,0.0,0.0,0.0,0.0,0.0,0.0,0.0,0.0,0.0,4.0,8.0,6.0,12.0,20.0,0.0
0.0,0.0,0.0,0.0,0.0,0.0,0.0,0.0,0.0,0.0,0.0,0.0,0.0,0.0,0.0,15.0
23.0,0.0,0.0,0.0,0.0,0.0,0.0,0.0,0.0,0.0,0.0,0.0,0.0,0.0,0.0,0.0
0.0,22.0,11.0,7.0,9.0,4.0,6.0,5.0,3.0,0.0,0.0,0.0,0.0,0.0,0.0,0.0
0.0,0.0,6.0,11.0,11.0,12.0,13.0,6.0,2.0,22.0,11.0,2.0,5.0,10.0,0.0,0.0
0.0,0.0,0.0,0.0,0.0,0.0,0.0,0.0,0.0,0.0,6.0,7.0,6.0,12.0,23.0,0.0
0.0,0.0,0.0,0.0,0.0,0.0,0.0,0.0,0.0,0.0,0.0,0.0,0.0,0.0,0.0,15.0
22.0,0.0,0.0,0.0,0.0,0.0,0.0,0.0,0.0,0.0,0.0,0.0,0.0,0.0,0.0,0.0
0.0,21.0,7.0,6.0,8.0,9.0,8.0,8.0,2.0,0.0,0.0,0.0,0.0,0.0,0.0,0.0
0.0,0.0,11.0,12.0,11.0,14.0,11.0,5.0,3.0,26.0,11.0,2.0,5.0,13.0,0.0,0.0
0.0,0.0,0.0,0.0,0.0,0.0,0.0,0.0,0.0,0.0,8.0,12.0,6.0,12.0,22.0,0.0
0.0,0.0,0.0,0.0,0.0,0.0,0.0,0.0,0.0,0.0,0.0,0.0,0.0,0.0,0.0,15.0
22.0,0.0,0.0,0.0,0.0,0.0,0.0,0.0,0.0,0.0,0.0,0.0,0.0,0.0,0.0,0.0
0.0,15.0,8.0,5.0,8.0,8.0,9.0,3.0,4.0,0.0,0.0,0.0,0.0,0.0,0.0,0.0
0.0,0.0,9.0,14.0,10.0,12.0,12.0,5.0,4.0,23.0,11.0,2.0,5.0,9.0,0.0,0.0
0.0,0.0,0.0,0.0,0.0,0.0,0.0,0.0,0.0,0.0,8.0,6.0,6.0,12.0,21.0,0.0
0.0,0.0,0.0,0.0,0.0,0.0,0.0,0.0,0.0,0.0,0.0,0.0,0.0,0.0,0.0,15.0
23.0,0.0,0.0,0.0,0.0,0.0,0.0,0.0,0.0,0.0,0.0,0.0,0.0,0.0,0.0,0.0
0.0,20.0,12.0,4.0,8.0,4.0,9.0,8.0,3.0,0.0,0.0,0.0,0.0,0.0,0.0,0.0
0.0,0.0,11.0,13.0,10.0,11.0,13.0,6.0,8.0,24.0,11.0,2.0,5.0,10.0,0.0,0.0
0.0,0.0,0.0,0.0,0.0,0.0,0.0,0.0,0.0,0.0,5.0,9.0,6.0,12.0,23.0,0.0
0.0,0.0,0.0,0.0,0.0,0.0,0.0,0.0,0.0,0.0,0.0,0.0,0.0,0.0,0.0,15.0
25.0,0.0,0.0,0.0,0.0,0.0,0.0,0.0,0.0,0.0,0.0,0.0,0.0,0.0,0.0,0.0
0.0,22.0,13.0,4.0,10.0,6.0,6.0,3.0,6.0,0.0,0.0,0.0,0.0,0.0,0.0,0.0
0.0,0.0,9.0,13.0,10.0,11.0,13.0,7.0,8.0,27.0,11.0,2.0,5.0,9.0,0.0,0.0
0.0,0.0,0.0,0.0,0.0,0.0,0.0,0.0,0.0,0.0,5.0,9.0,6.0,12.0,20.0,0.0
0.0,0.0,0.0,0.0,0.0,0.0,0.0,0.0,0.0,0.0,0.0,0.0,0.0,0.0,0.0,14.0
21.0,0.0,0.0,0.0,0.0,0.0,0.0,0.0,0.0,0.0,0.0,0.0,0.0,0.0,0.0,0.0
0.0,24.0,8.0,4.0,9.0,7.0,7.0,4.0,4.0,0.0,0.0,0.0,0.0,0.0,0.0,0.0
0.0,0.0,11.0,12.0,10.0,9.0,11.0,7.0,4.0,23.0,11.0,2.0,5.0,11.0,0.0,0.0
0.0,0.0,0.0,0.0,0.0,0.0,0.0,0.0,0.0,0.0,6.0,9.0,6.0,12.0,20.0,0.0
0.0,0.0,0.0,0.0,0.0,0.0,0.0,0.0,0.0,0.0,0.0,0.0,0.0,0.0,0.0,14.0
24.0,0.0,0.0,0.0,0.0,0.0,0.0,0.0,0.0,0.0,0.0,0.0,0.0,0.0,0.0,0.0
0.0,19.0,12.0,5.0,7.0,9.0,9.0,3.0,4.0,0.0,0.0,0.0,0.0,0.0,0.0,0.0
0.0,0.0,6.0,13.0,11.0,7.0,11.0,7.0,4.0,24.0,11.0,2.0,5.0,10.0,0.0,0.0
0.0,0.0,0.0,0.0,0.0,0.0,0.0,0.0,0.0,0.0,10.0,12.0,6.0,12.0,23.0,0.0
0.0,0.0,0.0,0.0,0.0,0.0,0.0,0.0,0.0,0.0,0.0,0.0,0.0,0.0,0.0,15.0
22.0,0.0,0.0,0.0,0.0,0.0,0.0,0.0,0.0,0.0,0.0,0.0,0.0,0.0,0.0,0.0
0.0,23.0,12.0,4.0,9.0,5.0,8.0,4.0,2.0,0.0,0.0,0.0,0.0,0.0,0.0,0.0
0.0,0.0,6.0,12.0,10.0,13.0,11.0,6.0,5.0,25.0,11.0,2.0,5.0,11.0,0.0,0.0
0.0,0.0,0.0,0.0,0.0,0.0,0.0,0.0,0.0,0.0,10.0,6.0,6.0,12.0,21.0,0.0
0.0,0.0,0.0,0.0,0.0,0.0,0.0,0.0,0.0,0.0,0.0,0.0,0.0,0.0,0.0,14.0
21.0,0.0,0.0,0.0,0.0,0.0,0.0,0.0,0.0,0.0,0.0,0.0,0.0,0.0,0.0,0.0
0.0,23.0,8.0,6.0,7.0,9.0,8.0,8.0,3.0,0.0,0.0,0.0,0.0,0.0,0.0,0.0
0.0,0.0,8.0,14.0,10.0,13.0,11.0,7.0,7.0,26.0,11.0,2.0,5.0,10.0,0.0,0.0
0.0,0.0,0.0,0.0,0.0,0.0,0.0,0.0,0.0,0.0,6.0,8.0,6.0,12.0,21.0,0.0
0.0,0.0,0.0,0.0,0.0,0.0,0.0,0.0,0.0,0.0,0.0,0.0,0.0,0.0,0.0,15.0
25.0,0.0,0.0,0.0,0.0,0.0,0.0,0.0,0.0,0.0,0.0,0.0,0.0,0.0,0.0,0.0
0.0,23.0,9.0,3.0,7.0,8.0,7.0,8.0,3.0,0.0,0.0,0.0,0.0,0.0,0.0,0.0
0.0,0.0,11.0,14.0,10.0,7.0,13.0,6.0,8.0,26.0,11.0,2.0,5.0,10.0,0.0,0.0
0.0,0.0,0.0,0.0,0.0,0.0,0.0,0.0,0.0,0.0,8.0,10.0,6.0,12.0,23.0,0.0
0.0,0.0,0.0,0.0,0.0,0.0,0.0,0.0,0.0,0.0,0.0,0.0,0.0,0.0,0.0,15.0
24.0,0.0,0.0,0.0,0.0,0.0,0.0,0.0,0.0,0.0,0.0,0.0,0.0,0.0,0.0,0.0
0.0,24.0,11.0,4.0,9.0,9.0,7.0,3.0,2.0,0.0,0.0,0.0,0.0,0.0,0.0,0.0
0.0,0.0,9.0,12.0,10.0,12.0,12.0,7.0,2.0,22.0,11.0,2.0,5.0,12.0,0.0,0.0
0.0,0.0,0.0,0.0,0.0,0.0,0.0,0.0,0.0,0.0,10.0,8.0,6.0,12.0,21.0,0.0
0.0,0.0,0.0,0.0,0.0,0.0,0.0,0.0,0.0,0.0,0.0,0.0,0.0,0.0,0.0,15.0
19.0,0.0,0.0,0.0,0.0,0.0,0.0,0.0,0.0,0.0,0.0,0.0,0.0,0.0,0.0,0.0
0.0,17.0,9.0,3.0,10.0,6.0,7.0,5.0,2.0,0.0,0.0,0.0,0.0,0.0,0.0,0.0
0.0,0.0,7.0,11.0,11.0,13.0,13.0,7.0,8.0,24.0,11.0,2.0,5.0,10.0,0.0,0.0
0.0,0.0,0.0,0.0,0.0,0.0,0.0,0.0,0.0,0.0,10.0,10.0,6.0,12.0,23.0,0.0
0.0,0.0,0.0,0.0,0.0,0.0,0.0,0.0,0.0,0.0,0.0,0.0,0.0,0.0,0.0,15.0
21.0,0.0,0.0,0.0,0.0,0.0,0.0,0.0,0.0,0.0,0.0,0.0,0.0,0.0,0.0,0.0
0.0,14.0,13.0,7.0,10.0,9.0,6.0,5.0,4.0,0.0,0.0,0.0,0.0,0.0,0.0,0.0
0.0,0.0,11.0,14.0,11.0,10.0,13.0,7.0,2.0,24.0,11.0,2.0,5.0,11.0,0.0,0.0
0.0,0.0,0.0,0.0,0.0,0.0,0.0,0.0,0.0,0.0,5.0,13.0,6.0,12.0,22.0,0.0
0.0,0.0,0.0,0.0,0.0,0.0,0.0,0.0,0.0,0.0,0.0,0.0,0.0,0.0,0.0,14.0
23.0,0.0,0.0,0.0,0.0,0.0,0.0,0.0,0.0,0.0,0.0,0.0,0.0,0.0,0.0,0.0
0.0,14.0,10.0,6.0,8.0,4.0,7.0,4.0,5.0,0.0,0.0,0.0,0.0,0.0,0.0,0.0
0.0,0.0,8.0,12.0,11.0,8.0,12.0,7.0,5.0,23.0,11.0,2.0,5.0,11.0,0.0,0.0
0.0,0.0,0.0,0.0,0.0,0.0,0.0,0.0,0.0,0.0,7.0,7.0,6.0,12.0,20.0,0.0
0.0,0.0,0.0,0.0,0.0,0.0,0.0,0.0,0.0,0.0,0.0,0.0,0.0,0.0,0.0,14.0
