21.0,0.0,0.0,0.0,0.0,0.0,0.0,0.0,0.0,0.0,0.0,0.0,0.0,0.0,0.0,0.0
0.0,19.0,8.0,10.0,10.0,12.0,7.0,12.0,11.0,0.0,0.0,0.0,0.0,0.0,0.0,0.0
0.0,0.0,8.0,13.0,6.0,12.0,5.0,8.0,12.0,27.0,4.0,12.0,12.0,10.0,0.0,0.0
0.0,0.0,0.0,0.0,0.0,0.0,0.0,0.0,0.0,0.0,9.0,11.0,13.0,8.0,19.0,0.0
0.0,0.0,0.0,0.0,0.0,0.0,0.0,0.0,0.0,0.0,0.0,0.0,0.0,0.0,0.0,23.0
14.0,0.0,0.0,0.0,0.0,0.0,0.0,0.0,0.0,0.0,0.0,0.0,0.0,0.0,0.0,0.0
0.0,25.0,9.0,10.0,10.0,12.0,7.0,12.0,13.0,0.0,0.0,0.0,0.0,0.0,0.0,0.0
0.0,0.0,6.0,13.0,9.0,12.0,6.0,8.0,11.0,27.0,4.0,6.0,12.0,10.0,0.0,0.0
0.0,0.0,0.0,0.0,0.0,0.0,0.0,0.0,0.0,0.0,9.0,11.0,5.0,9.0,18.0,0.0
0.0,0.0,0.0,0.0,0.0,0.0,0.0,0.0,0.0,0.0,0.0,0.0,0.0,0.0,0.0,24.0
19.0,0.0,0.0,0.0,0.0,0.0,0.0,0.0,0.0,0.0,0.0,0.0,0.0,0.0,0.0,0.0
0.0,20.0,10.0,10.0,10.0,12.0,6.0,12.0,4.0,0.0,0.0,0.0,0.0,0.0,0.0,0.0
0.0,0.0,6.0,13.0,6.0,12.0,5.0,9.0,11.0,23.0,4.0,9.0,12.0,11.0,0.0,0.0
0.0,0.0,0.0,0.0,0.0,0.0,0.0,0.0,0.0,0.0,9.0,11.0,8.0,7.0,19.0,0.0
0.0,0.0,0.0,0.0,0.0,0.0,0.0,0.0,0.0,0.0,0.0,0.0,0.0,0.0,0.0,23.0
18.0,0.0,0.0,0.0,0.0,0.0,0.0,0.0,0.0,0.0,0.0,0.0,0.0,0.0,0.0,0.0
0.0,21.0,10.0,10.0,10.0,13.0,7.0,12.0,3.0,0.0,0.0,0.0,0.0,0.0,0.0,0.0
0.0,0.0,7.0,11.0,10.0,11.0,5.0,9.0,11.0,24.0,4.0,10.0,12.0,13.0,0.0,0.0
0.0,0.0,0.0,0.0,0.0,0.0,0.0,0.0,0.0,0.0,9.0,11.0,13.0,10.0,18.0,0.0
0.0,0.0,0.0,0.0,0.0,0.0,0.0,0.0,0.0,0.0,0.0,0.0,0.0,0.0,0.0,24.0
20.0,0.0,0.0,0.0,0.0,0.0,0.0,0.0,0.0,0.0,0.0,0.0,0.0,0.0,0.0,0.0
0.0,21.0,8.0,10.0,10.0,12.0,6.0,12.0,11.0,0.0,0.0,0.0,0.0,0.0,0.0,0.0
0.0,0.0,8.0,12.0,8.0,12.0,6.0,10.0,11.0,24.0,4.0,10.0,12.0,11.0,0.0,0.0
0.0,0.0,0.0,0.0,0.0,0.0,0.0,0.0,0.0,0.0,9.0,11.0,6.0,11.0,18.0,0.0
0.0,0.0,0.0,0.0,0.0,0.0,0.0,0.0,0.0,0.0,0.0,0.0,0.0,0.0,0.0,23.0
15.0,0.0,0.0,0.0,0.0,0.0,0.0,0.0,0.0,0.0,0.0,0.0,0.0,0.0,0.0,0.0
0.0,18.0,9.0,10.0,10.0,13.0,7.0,12.0,4.0,0.0,0.0,0.0,0.0,0.0,0.0,0.0
0.0,0.0,8.0,10.0,8.0,12.0,6.0,9.0,11.0,28.0,4.0,6.0,12.0,13.0,0.0,0.0
0.0,0.0,0.0,0.0,0.0,0.0,0.0,0.0,0.0,0.0,9.0,9.0,7.0,8.0,18.0,0.0
0.0,0.0,0.0,0.0,0.0,0.0,0.0,0.0,0.0,0.0,0.0,0.0,0.0,0.0,0.0,23.0
17.0,0.0,0.0,0.0,0.0,0.0,0.0,0.0,0.0,0.0,0.0,0.0,0.0,0.0,0.0,0.0
0.0,18.0,10.0,10.0,10.0,13.0,7.0,12.0,11.0,0.0,0.0,0.0,0.0,0.0,0.0,0.0
0.0,0.0,6.0,11.0,7.0,11.0,7.0,10.0,10.0,26.0,4.0,10.0,12.0,10.0,0.0,0.0
0.0,0.0,0.0,0.0,0.0,0.0,0.0,0.0,0.0,0.0,9.0,10.0,12.0,8.0,18.0,0.0
0.0,0.0,0.0,0.0,0.0,0.0,0.0,0.0,0.0,0.0,0.0,0.0,0.0,0.0,0.0,23.0
20.0,0.0,0.0,0.0,0.0,0.0,0.0,0.0,0.0,0.0,0.0,0.0,0.0,0.0,0.0,0.0
0.0,20.0,7.0,10.0,10.0,13.0,7.0,12.0,13.0,0.0,0.0,0.0,0.0,0.0,0.0,0.0
0.0,0.0,8.0,10.0,9.0,12.0,5.0,9.0,10.0,22.0,4.0,6.0,12.0,10.0,0.0,0.0
0.0,0.0,0.0,0.0,0.0,0.0,0.0,0.0,0.0,0.0,9.0,11.0,5.0,8.0,18.0,0.0
0.0,0.0,0.0,0.0,0.0,0.0,0.0,0.0,0.0,0.0,0.0,0.0,0.0,0.0,0.0,24.0
23.0,0.0,0.0,0.0,0.0,0.0,0.0,0.0,0.0,0.0,0.0,0.0,0.0,0.0,0.0,0.0
0.0,22.0,9.0,10.0,10.0,12.0,7.0,12.0,12.0,0.0,0.0,0.0,0.0,0.0,0.0,0.0
0.0,0.0,7.0,12.0,9.0,12.0,6.0,9.0,11.0,28.0,4.0,7.0,12.0,9.0,0.0,0.0
0.0,0.0,0.0,0.0,0.0,0.0,0.0,0.0,0.0,0.0,9.0,11.0,10.0,10.0,18.0,0.0
0.0,0.0,0.0,0.0,0.0,0.0,0.0,0.0,0.0,0.0,0.0,0.0,0.0,0.0,0.0,24.0
23.0,0.0,0.0,0.0,0.0,0.0,0.0,0.0,0.0,0.0,0.0,0.0,0.0,0.0,0.0,0.0
0.0,20.0,10.0,10.0,10.0,12.0,6.0,12.0,3.0,0.0,0.0,0.0,0.0,0.0,0.0,0.0
0.0,0.0,7.0,13.0,9.0,12.0,5.0,8.0,11.0,28.0,4.0,8.0,12.0,13.0,0.0,0.0
0.0,0.0,0.0,0.0,0.0,0.0,0.0,0.0,0.0,0.0,9.0,11.0,8.0,7.0,18.0,0.0
0.0,0.0,0.0,0.0,0.0,0.0,0.0,0.0,0.0,0.0,0.0,0.0,0.0,0.0,0.0,24.0
23.0,0.0,0.0,0.0,0.0,0.0,0.0,0.0,0.0,0.0,0.0,0.0,0.0,0.0,0.0,0.0
0.0,23.0,8.0,10.0,10.0,12.0,7.0,12.0,12.0,0.0,0.0,0.0,0.0,0.0,0.0,0.0
0.0,0.0,8.0,12.0,10.0,12.0,7.0,9.0,12.0,23.0,4.0,6.0,12.0,12.0,0.0,0.0
0.0,0.0,0.0,0.0,0.0,0.0,0.0,0.0,0.0,0.0,9.0,10.0,4.0,4.0,19.0,0.0
0.0,0.0,0.0,0.0,0.0,0.0,0.0,0.0,0.0,0.0,0.0,0.0,0.0,0.0,0.0,24.0
20.0,0.0,0.0,0.0,0.0,0.0,0.0,0.0,0.0,0.0,0.0,0.0,0.0,0.0,0.0,0.0
0.0,20.0,10.0,10.0,10.0,13.0,6.0,12.0,13.0,0.0,0.0,0.0,0.0,0.0,0.0,0.0
0.0,0.0,7.0,11.0,8.0,11.0,6.0,8.0,11.0,28.0,4.0,7.0,12.0,13.0,0.0,0.0
0.0,0.0,0.0,0.0,0.0,0.0,0.0,0.0,0.0,0.0,9.0,11.0,14.0,11.0,19.0,0.0
0.0,0.0,0.0,0.0,0.0,0.0,0.0,0.0,0.0,0.0,0.0,0.0,0.0,0.0,0.0,23.0
20.0,0.0,0.0,0.0,0.0,0.0,0.0,0.0,0.0,0.0,0.0,0.0,0.0,0.0,0.0,0.0
0.0,25.0,8.0,10.0,10.0,13.0,7.0,12.0,13.0,0.0,0.0,0.0,0.0,0.0,0.0,0.0
0.0,0.0,7.0,11.0,9.0,11.0,7.0,10.0,10.0,26.0,4.0,11.0,12.0,10.0,0.0,0.0
0.0,0.0,0.0,0.0,0.0,0.0,0.0,0.0,0.0,0.0,9.0,10.0,6.0,9.0,19.0,0.0
0.0,0.0,0.0,0.0,0.0,0.0,0.0,0.0,0.0,0.0,0.0,0.0,0.0,0.0,0.0,24.0
20.0,0.0,0.0,0.0,0.0,0.0,0.0,0.0,0.0,0.0,0.0,0.0,0.0,0.0,0.0,0.0
0.0,19.0,9.0,10.0,10.0,12.0,7.0,12.0,10.0,0.0,0.0,0.0,0.0,0.0,0.0,0.0
0.0,0.0,8.0,13.0,7.0,12.0,6.0,10.0,10.0,27.0,4.0,8.0,12.0,12.0,0.0,0.0
0.0,0.0,0.0,0.0,0.0,0.0,0.0,0.0,0.0,0.0,9.0,9.0,10.0,11.0,19.0,0.0
0.0,0.0,0.0,0.0,0.0,0.0,0.0,0.0,0.0,0.0,0.0,0.0,0.0,0.0,0.0,23.0
22.0,0.0,0.0,0.0,0.0,0.0,0.0,0.0,0.0,0.0,0.0,0.0,0.0,0.0,0.0,0.0
0.0,24.0,7.0,10.0,10.0,12.0,6.0,12.0,10.0,0.0,0.0,0.0,0.0,0.0,0.0,0.0
0.0,0.0,6.0,10.0,9.0,12.0,5.0,10.0,10.0,24.0,4.0,6.0,12.0,13.0,0.0,0.0
0.0,0.0,0.0,0.0,0.0,0.0,0.0,0.0,0.0,0.0,9.0,11.0,11.0,7.0,18.0,0.0
0.0,0.0,0.0,0.0,0.0,0.0,0.0,0.0,0.0,0.0,0.0,0.0,0.0,0.0,0.0,24.0
