24.0,0.0,0.0,0.0,0.0,0.0,0.0,0.0,0.0,0.0,0.0,0.0,0.0,0.0,0.0,0.0
0.0,13.0,12.0,4.0,12.0,8.0,13.0,10.0,12.0,0.0,0.0,0.0,0.0,0.0,0.0,0.0
0.0,0.0,5.0,6.0,7.0,10.0,6.0,10.0,6.0,15.0,10.0,11.0,10.0,4.0,0.0,0.0
0.0,0.0,0.0,0.0,0.0,0.0,0.0,0.0,0.0,0.0,2.0,10.0,14.0,7.0,11.0,0.0
0.0,0.0,0.0,0.0,0.0,0.0,0.0,0.0,0.0,0.0,0.0,0.0,0.0,0.0,0.0,23.0
25.0,0.0,0.0,0.0,0.0,0.0,0.0,0.0,0.0,0.0,0.0,0.0,0.0,0.0,0.0,0.0
0.0,16.0,12.0,4.0,12.0,8.0,13.0,9.0,12.0,0.0,0.0,0.0,0.0,0.0,0.0,0.0
0.0,0.0,5.0,6.0,7.0,10.0,6.0,10.0,6.0,15.0,8.0,11.0,10.0,4.0,0.0,0.0
0.0,0.0,0.0,0.0,0.0,0.0,0.0,0.0,0.0,0.0,2.0,10.0,14.0,7.0,21.0,0.0
0.0,0.0,0.0,0.0,0.0,0.0,0.0,0.0,0.0,0.0,0.0,0.0,0.0,0.0,0.0,26.0
24.0,0.0,0.0,0.0,0.0,0.0,0.0,0.0,0.0,0.0,0.0,0.0,0.0,0.0,0.0,0.0
0.0,10.0,11.0,4.0,12.0,6.0,11.0,9.0,12.0,0.0,0.0,0.0,0.0,0.0,0.0,0.0
0.0,0.0,5.0,6.0,3.0,10.0,6.0,10.0,6.0,15.0,9.0,10.0,12.0,5.0,0.0,0.0
0.0,0.0,0.0,0.0,0.0,0.0,0.0,0.0,0.0,0.0,2.0,10.0,13.0,6.0,11.0,0.0
0.0,0.0,0.0,0.0,0.0,0.0,0.0,0.0,0.0,0.0,0.0,0.0,0.0,0.0,0.0,26.0
23.0,0.0,0.0,0.0,0.0,0.0,0.0,0.0,0.0,0.0,0.0,0.0,0.0,0.0,0.0,0.0
0.0,13.0,10.0,4.0,12.0,2.0,13.0,11.0,14.0,0.0,0.0,0.0,0.0,0.0,0.0,0.0
0.0,0.0,5.0,6.0,3.0,10.0,6.0,10.0,7.0,17.0,6.0,11.0,9.0,5.0,0.0,0.0
0.0,0.0,0.0,0.0,0.0,0.0,0.0,0.0,0.0,0.0,3.0,10.0,13.0,7.0,11.0,0.0
0.0,0.0,0.0,0.0,0.0,0.0,0.0,0.0,0.0,0.0,0.0,0.0,0.0,0.0,0.0,27.0
26.0,0.0,0.0,0.0,0.0,0.0,0.0,0.0,0.0,0.0,0.0,0.0,0.0,0.0,0.0,0.0
0.0,11.0,12.0,4.0,12.0,3.0,11.0,10.0,14.0,0.0,0.0,0.0,0.0,0.0,0.0,0.0
0.0,0.0,5.0,6.0,7.0,12.0,6.0,10.0,6.0,16.0,11.0,10.0,8.0,4.0,0.0,0.0
0.0,0.0,0.0,0.0,0.0,0.0,0.0,0.0,0.0,0.0,4.0,10.0,14.0,7.0,19.0,0.0
0.0,0.0,0.0,0.0,0.0,0.0,0.0,0.0,0.0,0.0,0.0,0.0,0.0,0.0,0.0,23.0
24.0,0.0,0.0,0.0,0.0,0.0,0.0,0.0,0.0,0.0,0.0,0.0,0.0,0.0,0.0,0.0
0.0,11.0,13.0,4.0,12.0,6.0,12.0,10.0,14.0,0.0,0.0,0.0,0.0,0.0,0.0,0.0
0.0,0.0,5.0,6.0,4.0,14.0,6.0,10.0,6.0,15.0,10.0,10.0,8.0,5.0,0.0,0.0
0.0,0.0,0.0,0.0,0.0,0.0,0.0,0.0,0.0,0.0,3.0,10.0,12.0,6.0,18.0,0.0
0.0,0.0,0.0,0.0,0.0,0.0,0.0,0.0,0.0,0.0,0.0,0.0,0.0,0.0,0.0,24.0
24.0,0.0,0.0,0.0,0.0,0.0,0.0,0.0,0.0,0.0,0.0,0.0,0.0,0.0,0.0,0.0
0.0,16.0,13.0,4.0,12.0,2.0,10.0,11.0,14.0,0.0,0.0,0.0,0.0,0.0,0.0,0.0
0.0,0.0,5.0,6.0,6.0,10.0,6.0,10.0,8.0,15.0,7.0,9.0,13.0,5.0,0.0,0.0
0.0,0.0,0.0,0.0,0.0,0.0,0.0,0.0,0.0,0.0,4.0,10.0,13.0,6.0,21.0,0.0
0.0,0.0,0.0,0.0,0.0,0.0,0.0,0.0,0.0,0.0,0.0,0.0,0.0,0.0,0.0,24.0
22.0,0.0,0.0,0.0,0.0,0.0,0.0,0.0,0.0,0.0,0.0,0.0,0.0,0.0,0.0,0.0
0.0,10.0,10.0,4.0,12.0,6.0,10.0,12.0,12.0,0.0,0.0,0.0,0.0,0.0,0.0,0.0
0.0,0.0,5.0,6.0,6.0,14.0,6.0,10.0,7.0,17.0,13.0,11.0,8.0,4.0,0.0,0.0
0.0,0.0,0.0,0.0,0.0,0.0,0.0,0.0,0.0,0.0,2.0,10.0,14.0,7.0,21.0,0.0
0.0,0.0,0.0,0.0,0.0,0.0,0.0,0.0,0.0,0.0,0.0,0.0,0.0,0.0,0.0,27.0
25.0,0.0,0.0,0.0,0.0,0.0,0.0,0.0,0.0,0.0,0.0,0.0,0.0,0.0,0.0,0.0
0.0,11.0,12.0,4.0,12.0,5.0,11.0,10.0,12.0,0.0,0.0,0.0,0.0,0.0,0.0,0.0
0.0,0.0,5.0,6.0,5.0,14.0,6.0,10.0,5.0,17.0,14.0,9.0,8.0,4.0,0.0,0.0
0.0,0.0,0.0,0.0,0.0,0.0,0.0,0.0,0.0,0.0,5.0,10.0,14.0,7.0,18.0,0.0
0.0,0.0,0.0,0.0,0.0,0.0,0.0,0.0,0.0,0.0,0.0,0.0,0.0,0.0,0.0,26.0
23.0,0.0,0.0,0.0,0.0,0.0,0.0,0.0,0.0,0.0,0.0,0.0,0.0,0.0,0.0,0.0
0.0,10.0,13.0,4.0,12.0,3.0,12.0,11.0,13.0,0.0,0.0,0.0,0.0,0.0,0.0,0.0
0.0,0.0,5.0,6.0,4.0,13.0,6.0,10.0,6.0,16.0,13.0,11.0,13.0,4.0,0.0,0.0
0.0,0.0,0.0,0.0,0.0,0.0,0.0,0.0,0.0,0.0,5.0,10.0,12.0,6.0,21.0,0.0
0.0,0.0,0.0,0.0,0.0,0.0,0.0,0.0,0.0,0.0,0.0,0.0,0.0,0.0,0.0,26.0
22.0,0.0,0.0,0.0,0.0,0.0,0.0,0.0,0.0,0.0,0.0,0.0,0.0,0.0,0.0,0.0
0.0,15.0,10.0,4.0,12.0,6.0,14.0,12.0,13.0,0.0,0.0,0.0,0.0,0.0,0.0,0.0
0.0,0.0,5.0,6.0,3.0,10.0,6.0,10.0,3.0,18.0,11.0,11.0,12.0,5.0,0.0,0.0
0.0,0.0,0.0,0.0,0.0,0.0,0.0,0.0,0.0,0.0,5.0,10.0,13.0,6.0,21.0,0.0
0.0,0.0,0.0,0.0,0.0,0.0,0.0,0.0,0.0,0.0,0.0,0.0,0.0,0.0,0.0,24.0
26.0,0.0,0.0,0.0,0.0,0.0,0.0,0.0,0.0,0.0,0.0,0.0,0.0,0.0,0.0,0.0
0.0,15.0,13.0,4.0,12.0,6.0,14.0,9.0,13.0,0.0,0.0,0.0,0.0,0.0,0.0,0.0
0.0,0.0,5.0,6.0,4.0,13.0,6.0,10.0,3.0,15.0,7.0,9.0,9.0,4.0,0.0,0.0
0.0,0.0,0.0,0.0,0.0,0.0,0.0,0.0,0.0,0.0,2.0,10.0,12.0,6.0,10.0,0.0
0.0,0.0,0.0,0.0,0.0,0.0,0.0,0.0,0.0,0.0,0.0,0.0,0.0,0.0,0.0,23.0
26.0,0.0,0.0,0.0,0.0,0.0,0.0,0.0,0.0,0.0,0.0,0.0,0.0,0.0,0.0,0.0
0.0,11.0,11.0,4.0,12.0,4.0,14.0,12.0,12.0,0.0,0.0,0.0,0.0,0.0,0.0,0.0
0.0,0.0,5.0,6.0,4.0,14.0,6.0,10.0,7.0,18.0,10.0,11.0,10.0,5.0,0.0,0.0
0.0,0.0,0.0,0.0,0.0,0.0,0.0,0.0,0.0,0.0,4.0,10.0,14.0,6.0,18.0,0.0
0.0,0.0,0.0,0.0,0.0,0.0,0.0,0.0,0.0,0.0,0.0,0.0,0.0,0.0,0.0,26.0
25.0,0.0,0.0,0.0,0.0,0.0,0.0,0.0,0.0,0.0,0.0,0.0,0.0,0.0,0.0,0.0
0.0,16.0,10.0,4.0,12.0,6.0,10.0,11.0,13.0,0.0,0.0,0.0,0.0,0.0,0.0,0.0
0.0,0.0,5.0,6.0,7.0,14.0,6.0,10.0,8.0,18.0,8.0,11.0,10.0,4.0,0.0,0.0
0.0,0.0,0.0,0.0,0.0,0.0,0.0,0.0,0.0,0.0,3.0,10.0,13.0,7.0,19.0,0.0
0.0,0.0,0.0,0.0,0.0,0.0,0.0,0.0,0.0,0.0,0.0,0.0,0.0,0.0,0.0,25.0
25.0,0.0,0.0,0.0,0.0,0.0,0.0,0.0,0.0,0.0,0.0,0.0,0.0,0.0,0.0,0.0
0.0,12.0,13.0,4.0,12.0,3.0,11.0,9.0,13.0,0.0,0.0,0.0,0.0,0.0,0.0,0.0
0.0,0.0,5.0,6.0,4.0,10.0,6.0,10.0,6.0,17.0,12.0,11.0,9.0,4.0,0.0,0.0
0.0,0.0,0.0,0.0,0.0,0.0,0.0,0.0,0.0,0.0,2.0,10.0,12.0,7.0,17.0,0.0
0.0,0.0,0.0,0.0,0.0,0.0,0.0,0.0,0.0,0.0,0.0,0.0,0.0,0.0,0.0,27.0
