22.0,0.0,0.0,0.0,0.0,0.0,0.0,0.0,0.0,0.0,0.0,0.0,0.0,0.0,0.0,0.0
0.0,22.0,8.0,12.0,10.0,10.0,10.0,9.0,10.0,0.0,0.0,0.0,0.0,0.0,0.0,0.0
0.0,0.0,4.0,9.0,13.0,9.0,12.0,13.0,11.0,16.0,10.0,8.0,10.0,13.0,0.0,0.0
0.0,0.0,0.0,0.0,0.0,0.0,0.0,0.0,0.0,0.0,4.0,9.0,6.0,12.0,11.0,0.0
0.0,0.0,0.0,0.0,0.0,0.0,0.0,0.0,0.0,0.0,0.0,0.0,0.0,0.0,0.0,23.0
19.0,0.0,0.0,0.0,0.0,0.0,0.0,0.0,0.0,0.0,0.0,0.0,0.0,0.0,0.0,0.0
0.0,22.0,8.0,13.0,12.0,11.0,11.0,7.0,10.0,0.0,0.0,0.0,0.0,0.0,0.0,0.0
0.0,0.0,4.0,9.0,12.0,9.0,11.0,12.0,11.0,17.0,13.0,9.0,8.0,12.0,0.0,0.0
0.0,0.0,0.0,0.0,0.0,0.0,0.0,0.0,0.0,0.0,5.0,9.0,9.0,13.0,13.0,0.0
0.0,0.0,0.0,0.0,0.0,0.0,0.0,0.0,0.0,0.0,0.0,0.0,0.0,0.0,0.0,22.0
20.0,0.0,0.0,0.0,0.0,0.0,0.0,0.0,0.0,0.0,0.0,0.0,0.0,0.0,0.0,0.0
0.0,22.0,12.0,13.0,9.0,11.0,11.0,10.0,10.0,0.0,0.0,0.0,0.0,0.0,0.0,0.0
0.0,0.0,4.0,8.0,12.0,9.0,11.0,12.0,10.0,19.0,14.0,8.0,4.0,12.0,0.0,0.0
0.0,0.0,0.0,0.0,0.0,0.0,0.0,0.0,0.0,0.0,5.0,8.0,7.0,13.0,13.0,0.0
0.0,0.0,0.0,0.0,0.0,0.0,0.0,0.0,0.0,0.0,0.0,0.0,0.0,0.0,0.0,23.0
19.0,0.0,0.0,0.0,0.0,0.0,0.0,0.0,0.0,0.0,0.0,0.0,0.0,0.0,0.0,0.0
0.0,22.0,12.0,12.0,13.0,9.0,10.0,11.0,10.0,0.0,0.0,0.0,0.0,0.0,0.0,0.0
0.0,0.0,3.0,9.0,13.0,9.0,11.0,12.0,10.0,17.0,7.0,11.0,6.0,12.0,0.0,0.0
0.0,0.0,0.0,0.0,0.0,0.0,0.0,0.0,0.0,0.0,6.0,8.0,11.0,13.0,14.0,0.0
0.0,0.0,0.0,0.0,0.0,0.0,0.0,0.0,0.0,0.0,0.0,0.0,0.0,0.0,0.0,16.0
22.0,0.0,0.0,0.0,0.0,0.0,0.0,0.0,0.0,0.0,0.0,0.0,0.0,0.0,0.0,0.0
0.0,22.0,14.0,12.0,9.0,11.0,8.0,11.0,10.0,0.0,0.0,0.0,0.0,0.0,0.0,0.0
0.0,0.0,4.0,7.0,12.0,9.0,12.0,12.0,9.0,19.0,14.0,11.0,6.0,13.0,0.0,0.0
0.0,0.0,0.0,0.0,0.0,0.0,0.0,0.0,0.0,0.0,4.0,9.0,13.0,13.0,14.0,0.0
0.0,0.0,0.0,0.0,0.0,0.0,0.0,0.0,0.0,0.0,0.0,0.0,0.0,0.0,0.0,16.0
24.0,0.0,0.0,0.0,0.0,0.0,0.0,0.0,0.0,0.0,0.0,0.0,0.0,0.0,0.0,0.0
0.0,22.0,13.0,13.0,13.0,9.0,12.0,7.0,10.0,0.0,0.0,0.0,0.0,0.0,0.0,0.0
0.0,0.0,3.0,7.0,12.0,8.0,11.0,12.0,12.0,17.0,9.0,11.0,4.0,12.0,0.0,0.0
0.0,0.0,0.0,0.0,0.0,0.0,0.0,0.0,0.0,0.0,5.0,8.0,10.0,12.0,11.0,0.0
0.0,0.0,0.0,0.0,0.0,0.0,0.0,0.0,0.0,0.0,0.0,0.0,0.0,0.0,0.0,20.0
15.0,0.0,0.0,0.0,0.0,0.0,0.0,0.0,0.0,0.0,0.0,0.0,0.0,0.0,0.0,0.0
0.0,22.0,13.0,12.0,8.0,11.0,11.0,9.0,10.0,0.0,0.0,0.0,0.0,0.0,0.0,0.0
0.0,0.0,4.0,7.0,12.0,9.0,11.0,12.0,9.0,17.0,6.0,11.0,9.0,13.0,0.0,0.0
0.0,0.0,0.0,0.0,0.0,0.0,0.0,0.0,0.0,0.0,6.0,9.0,13.0,13.0,15.0,0.0
0.0,0.0,0.0,0.0,0.0,0.0,0.0,0.0,0.0,0.0,0.0,0.0,0.0,0.0,0.0,22.0
15.0,0.0,0.0,0.0,0.0,0.0,0.0,0.0,0.0,0.0,0.0,0.0,0.0,0.0,0.0,0.0
0.0,22.0,12.0,12.0,13.0,12.0,11.0,9.0,10.0,0.0,0.0,0.0,0.0,0.0,0.0,0.0
0.0,0.0,4.0,7.0,12.0,8.0,12.0,12.0,13.0,15.0,8.0,9.0,10.0,12.0,0.0,0.0
0.0,0.0,0.0,0.0,0.0,0.0,0.0,0.0,0.0,0.0,6.0,8.0,9.0,12.0,13.0,0.0
0.0,0.0,0.0,0.0,0.0,0.0,0.0,0.0,0.0,0.0,0.0,0.0,0.0,0.0,0.0,18.0
16.0,0.0,0.0,0.0,0.0,0.0,0.0,0.0,0.0,0.0,0.0,0.0,0.0,0.0,0.0,0.0
0.0,22.0,10.0,12.0,10.0,8.0,11.0,8.0,10.0,0.0,0.0,0.0,0.0,0.0,0.0,0.0
0.0,0.0,3.0,7.0,13.0,9.0,11.0,13.0,12.0,20.0,5.0,10.0,10.0,13.0,0.0,0.0
0.0,0.0,0.0,0.0,0.0,0.0,0.0,0.0,0.0,0.0,4.0,9.0,9.0,12.0,14.0,0.0
0.0,0.0,0.0,0.0,0.0,0.0,0.0,0.0,0.0,0.0,0.0,0.0,0.0,0.0,0.0,24.0
21.0,0.0,0.0,0.0,0.0,0.0,0.0,0.0,0.0,0.0,0.0,0.0,0.0,0.0,0.0,0.0
0.0,22.0,8.0,12.0,8.0,8.0,9.0,10.0,10.0,0.0,0.0,0.0,0.0,0.0,0.0,0.0
0.0,0.0,3.0,8.0,12.0,9.0,12.0,13.0,9.0,20.0,13.0,9.0,7.0,13.0,0.0,0.0
0.0,0.0,0.0,0.0,0.0,0.0,0.0,0.0,0.0,0.0,4.0,9.0,10.0,13.0,13.0,0.0
0.0,0.0,0.0,0.0,0.0,0.0,0.0,0.0,0.0,0.0,0.0,0.0,0.0,0.0,0.0,17.0
24.0,0.0,0.0,0.0,0.0,0.0,0.0,0.0,0.0,0.0,0.0,0.0,0.0,0.0,0.0,0.0
0.0,22.0,12.0,12.0,12.0,13.0,11.0,10.0,10.0,0.0,0.0,0.0,0.0,0.0,0.0,0.0
0.0,0.0,3.0,7.0,12.0,9.0,12.0,12.0,11.0,19.0,10.0,9.0,9.0,13.0,0.0,0.0
0.0,0.0,0.0,0.0,0.0,0.0,0.0,0.0,0.0,0.0,5.0,8.0,9.0,12.0,14.0,0.0
0.0,0.0,0.0,0.0,0.0,0.0,0.0,0.0,0.0,0.0,0.0,0.0,0.0,0.0,0.0,24.0
19.0,0.0,0.0,0.0,0.0,0.0,0.0,0.0,0.0,0.0,0.0,0.0,0.0,0.0,0.0,0.0
0.0,22.0,13.0,12.0,10.0,11.0,11.0,7.0,10.0,0.0,0.0,0.0,0.0,0.0,0.0,0.0
0.0,0.0,3.0,7.0,13.0,8.0,12.0,13.0,9.0,18.0,6.0,11.0,5.0,13.0,0.0,0.0
0.0,0.0,0.0,0.0,0.0,0.0,0.0,0.0,0.0,0.0,6.0,8.0,12.0,12.0,15.0,0.0
0.0,0.0,0.0,0.0,0.0,0.0,0.0,0.0,0.0,0.0,0.0,0.0,0.0,0.0,0.0,21.0
24.0,0.0,0.0,0.0,0.0,0.0,0.0,0.0,0.0,0.0,0.0,0.0,0.0,0.0,0.0,0.0
0.0,22.0,12.0,13.0,13.0,10.0,12.0,10.0,10.0,0.0,0.0,0.0,0.0,0.0,0.0,0.0
0.0,0.0,3.0,7.0,12.0,9.0,12.0,12.0,10.0,19.0,8.0,8.0,6.0,13.0,0.0,0.0
0.0,0.0,0.0,0.0,0.0,0.0,0.0,0.0,0.0,0.0,5.0,9.0,12.0,13.0,12.0,0.0
0.0,0.0,0.0,0.0,0.0,0.0,0.0,0.0,0.0,0.0,0.0,0.0,0.0,0.0,0.0,16.0
24.0,0.0,0.0,0.0,0.0,0.0,0.0,0.0,0.0,0.0,0.0,0.0,0.0,0.0,0.0,0.0
0.0,22.0,10.0,13.0,10.0,9.0,10.0,6.0,10.0,0.0,0.0,0.0,0.0,0.0,0.0,0.0
0.0,0.0,4.0,9.0,12.0,9.0,12.0,13.0,13.0,18.0,9.0,11.0,7.0,13.0,0.0,0.0
0.0,0.0,0.0,0.0,0.0,0.0,0.0,0.0,0.0,0.0,4.0,8.0,11.0,12.0,15.0,0.0
0.0,0.0,0.0,0.0,0.0,0.0,0.0,0.0,0.0,0.0,0.0,0.0,0.0,0.0,0.0,16.0
24.0,0.0,0.0,0.0,0.0,0.0,0.0,0.0,0.0,0.0,0.0,0.0,0.0,0.0,0.0,0.0
0.0,22.0,12.0,13.0,12.0,10.0,9.0,10.0,10.0,0.0,0.0,0.0,0.0,0.0,0.0,0.0
0.0,0.0,4.0,9.0,12.0,9.0,12.0,13.0,13.0,21.0,8.0,8.0,5.0,12.0,0.0,0.0
0.0,0.0,0.0,0.0,0.0,0.0,0.0,0.0,0.0,0.0,6.0,8.0,12.0,12.0,13.0,0.0
0.0,0.0,0.0,0.0,0.0,0.0,0.0,0.0,0.0,0.0,0.0,0.0,0.0,0.0,0.0,17.0
