22.0,0.0,0.0,0.0,0.0,0.0,0.0,0.0,0.0,0.0,0.0,0.0,0.0,0.0,0.0,0.0
0.0,19.0,13.0,9.0,10.0,12.0,8.0,12.0,7.0,0.0,0.0,0.0,0.0,0.0,0.0,0.0
0.0,0.0,9.0,6.0,7.0,9.0,12.0,6.0,11.0,25.0,8.0,8.0,11.0,2.0,0.0,0.0
0.0,0.0,0.0,0.0,0.0,0.0,0.0,0.0,0.0,0.0,10.0,6.0,9.0,12.0,21.0,0.0
0.0,0.0,0.0,0.0,0.0,0.0,0.0,0.0,0.0,0.0,0.0,0.0,0.0,0.0,0.0,20.0
21.0,0.0,0.0,0.0,0.0,0.0,0.0,0.0,0.0,0.0,0.0,0.0,0.0,0.0,0.0,0.0
0.0,23.0,13.0,7.0,10.0,12.0,9.0,12.0,8.0,0.0,0.0,0.0,0.0,0.0,0.0,0.0
0.0,0.0,8.0,7.0,8.0,9.0,12.0,8.0,9.0,25.0,9.0,7.0,8.0,2.0,0.0,0.0
0.0,0.0,0.0,0.0,0.0,0.0,0.0,0.0,0.0,0.0,6.0,7.0,5.0,13.0,21.0,0.0
0.0,0.0,0.0,0.0,0.0,0.0,0.0,0.0,0.0,0.0,0.0,0.0,0.0,0.0,0.0,23.0
17.0,0.0,0.0,0.0,0.0,0.0,0.0,0.0,0.0,0.0,0.0,0.0,0.0,0.0,0.0,0.0
0.0,21.0,13.0,6.0,10.0,11.0,10.0,13.0,7.0,0.0,0.0,0.0,0.0,0.0,0.0,0.0
0.0,0.0,8.0,6.0,7.0,9.0,12.0,7.0,9.0,25.0,8.0,7.0,8.0,2.0,0.0,0.0
0.0,0.0,0.0,0.0,0.0,0.0,0.0,0.0,0.0,0.0,8.0,7.0,7.0,13.0,21.0,0.0
0.0,0.0,0.0,0.0,0.0,0.0,0.0,0.0,0.0,0.0,0.0,0.0,0.0,0.0,0.0,23.0
21.0,0.0,0.0,0.0,0.0,0.0,0.0,0.0,0.0,0.0,0.0,0.0,0.0,0.0,0.0,0.0
0.0,22.0,13.0,8.0,10.0,12.0,9.0,13.0,7.0,0.0,0.0,0.0,0.0,0.0,0.0,0.0
0.0,0.0,10.0,7.0,4.0,9.0,12.0,8.0,9.0,25.0,11.0,6.0,13.0,2.0,0.0,0.0
0.0,0.0,0.0,0.0,0.0,0.0,0.0,0.0,0.0,0.0,8.0,2.0,7.0,13.0,21.0,0.0
0.0,0.0,0.0,0.0,0.0,0.0,0.0,0.0,0.0,0.0,0.0,0.0,0.0,0.0,0.0,23.0
23.0,0.0,0.0,0.0,0.0,0.0,0.0,0.0,0.0,0.0,0.0,0.0,0.0,0.0,0.0,0.0
0.0,24.0,13.0,8.0,10.0,11.0,10.0,13.0,7.0,0.0,0.0,0.0,0.0,0.0,0.0,0.0
0.0,0.0,7.0,7.0,6.0,9.0,12.0,8.0,11.0,25.0,9.0,6.0,12.0,2.0,0.0,0.0
0.0,0.0,0.0,0.0,0.0,0.0,0.0,0.0,0.0,0.0,10.0,2.0,12.0,12.0,21.0,0.0
0.0,0.0,0.0,0.0,0.0,0.0,0.0,0.0,0.0,0.0,0.0,0.0,0.0,0.0,0.0,20.0
22.0,0.0,0.0,0.0,0.0,0.0,0.0,0.0,0.0,0.0,0.0,0.0,0.0,0.0,0.0,0.0
0.0,20.0,13.0,5.0,10.0,10.0,10.0,12.0,7.0,0.0,0.0,0.0,0.0,0.0,0.0,0.0
0.0,0.0,9.0,6.0,10.0,9.0,12.0,6.0,9.0,25.0,10.0,6.0,13.0,2.0,0.0,0.0
0.0,0.0,0.0,0.0,0.0,0.0,0.0,0.0,0.0,0.0,6.0,8.0,6.0,12.0,21.0,0.0
0.0,0.0,0.0,0.0,0.0,0.0,0.0,0.0,0.0,0.0,0.0,0.0,0.0,0.0,0.0,21.0
22.0,0.0,0.0,0.0,0.0,0.0,0.0,0.0,0.0,0.0,0.0,0.0,0.0,0.0,0.0,0.0
0.0,24.0,12.0,6.0,10.0,10.0,11.0,12.0,8.0,0.0,0.0,0.0,0.0,0.0,0.0,0.0
0.0,0.0,7.0,6.0,4.0,9.0,12.0,7.0,9.0,25.0,10.0,10.0,9.0,2.0,0.0,0.0
0.0,0.0,0.0,0.0,0.0,0.0,0.0,0.0,0.0,0.0,10.0,5.0,11.0,13.0,21.0,0.0
0.0,0.0,0.0,0.0,0.0,0.0,0.0,0.0,0.0,0.0,0.0,0.0,0.0,0.0,0.0,22.0
18.0,0.0,0.0,0.0,0.0,0.0,0.0,0.0,0.0,0.0,0.0,0.0,0.0,0.0,0.0,0.0
0.0,22.0,12.0,9.0,10.0,12.0,8.0,11.0,8.0,0.0,0.0,0.0,0.0,0.0,0.0,0.0
0.0,0.0,9.0,7.0,11.0,9.0,12.0,7.0,11.0,25.0,10.0,6.0,10.0,2.0,0.0,0.0
0.0,0.0,0.0,0.0,0.0,0.0,0.0,0.0,0.0,0.0,10.0,9.0,6.0,13.0,21.0,0.0
0.0,0.0,0.0,0.0,0.0,0.0,0.0,0.0,0.0,0.0,0.0,0.0,0.0,0.0,0.0,24.0
19.0,0.0,0.0,0.0,0.0,0.0,0.0,0.0,0.0,0.0,0.0,0.0,0.0,0.0,0.0,0.0
0.0,22.0,12.0,6.0,10.0,12.0,10.0,13.0,9.0,0.0,0.0,0.0,0.0,0.0,0.0,0.0
0.0,0.0,8.0,6.0,5.0,9.0,12.0,6.0,11.0,25.0,9.0,10.0,8.0,2.0,0.0,0.0
0.0,0.0,0.0,0.0,0.0,0.0,0.0,0.0,0.0,0.0,6.0,8.0,8.0,12.0,21.0,0.0
0.0,0.0,0.0,0.0,0.0,0.0,0.0,0.0,0.0,0.0,0.0,0.0,0.0,0.0,0.0,22.0
20.0,0.0,0.0,0.0,0.0,0.0,0.0,0.0,0.0,0.0,0.0,0.0,0.0,0.0,0.0,0.0
0.0,19.0,12.0,5.0,10.0,11.0,10.0,13.0,7.0,0.0,0.0,0.0,0.0,0.0,0.0,0.0
0.0,0.0,7.0,7.0,6.0,9.0,12.0,6.0,11.0,25.0,10.0,9.0,12.0,2.0,0.0,0.0
0.0,0.0,0.0,0.0,0.0,0.0,0.0,0.0,0.0,0.0,10.0,4.0,9.0,13.0,21.0,0.0
0.0,0.0,0.0,0.0,0.0,0.0,0.0,0.0,0.0,0.0,0.0,0.0,0.0,0.0,0.0,24.0
22.0,0.0,0.0,0.0,0.0,0.0,0.0,0.0,0.0,0.0,0.0,0.0,0.0,0.0,0.0,0.0
0.0,21.0,13.0,7.0,10.0,11.0,10.0,13.0,7.0,0.0,0.0,0.0,0.0,0.0,0.0,0.0
0.0,0.0,10.0,7.0,9.0,9.0,12.0,7.0,11.0,25.0,8.0,7.0,9.0,2.0,0.0,0.0
0.0,0.0,0.0,0.0,0.0,0.0,0.0,0.0,0.0,0.0,7.0,4.0,11.0,12.0,21.0,0.0
0.0,0.0,0.0,0.0,0.0,0.0,0.0,0.0,0.0,0.0,0.0,0.0,0.0,0.0,0.0,22.0
19.0,0.0,0.0,0.0,0.0,0.0,0.0,0.0,0.0,0.0,0.0,0.0,0.0,0.0,0.0,0.0
0.0,21.0,12.0,8.0,10.0,10.0,9.0,11.0,7.0,0.0,0.0,0.0,0.0,0.0,0.0,0.0
0.0,0.0,8.0,7.0,5.0,9.0,12.0,6.0,10.0,25.0,8.0,8.0,9.0,2.0,0.0,0.0
0.0,0.0,0.0,0.0,0.0,0.0,0.0,0.0,0.0,0.0,9.0,9.0,6.0,12.0,21.0,0.0
0.0,0.0,0.0,0.0,0.0,0.0,0.0,0.0,0.0,0.0,0.0,0.0,0.0,0.0,0.0,21.0
17.0,0.0,0.0,0.0,0.0,0.0,0.0,0.0,0.0,0.0,0.0,0.0,0.0,0.0,0.0,0.0
0.0,24.0,13.0,8.0,10.0,12.0,11.0,12.0,7.0,0.0,0.0,0.0,0.0,0.0,0.0,0.0
0.0,0.0,7.0,6.0,11.0,9.0,12.0,7.0,11.0,25.0,11.0,9.0,10.0,2.0,0.0,0.0
0.0,0.0,0.0,0.0,0.0,0.0,0.0,0.0,0.0,0.0,6.0,7.0,9.0,12.0,21.0,0.0
0.0,0.0,0.0,0.0,0.0,0.0,0.0,0.0,0.0,0.0,0.0,0.0,0.0,0.0,0.0,22.0
16.0,0.0,0.0,0.0,0.0,0.0,0.0,0.0,0.0,0.0,0.0,0.0,0.0,0.0,0.0,0.0
0.0,22.0,12.0,8.0,10.0,10.0,10.0,13.0,9.0,0.0,0.0,0.0,0.0,0.0,0.0,0.0
0.0,0.0,10.0,7.0,9.0,9.0,12.0,8.0,11.0,25.0,11.0,6.0,11.0,2.0,0.0,0.0
0.0,0.0,0.0,0.0,0.0,0.0,0.0,0.0,0.0,0.0,8.0,7.0,9.0,12.0,21.0,0.0
0.0,0.0,0.0,0.0,0.0,0.0,0.0,0.0,0.0,0.0,0.0,0.0,0.0,0.0,0.0,23.0
23.0,0.0,0.0,0.0,0.0,0.0,0.0,0.0,0.0,0.0,0.0,0.0,0.0,0.0,0.0,0.0
0.0,25.0,12.0,6.0,10.0,11.0,8.0,12.0,8.0,0.0,0.0,0.0,0.0,0.0,0.0,0.0
0.0,0.0,10.0,7.0,10.0,9.0,12.0,8.0,9.0,25.0,10.0,6.0,13.0,2.0,0.0,0.0
0.0,0.0,0.0,0.0,0.0,0.0,0.0,0.0,0.0,0.0,6.0,7.0,12.0,12.0,21.0,0.0
0.0,0.0,0.0,0.0,0.0,0.0,0.0,0.0,0.0,0.0,0.0,0.0,0.0,0.0,0.0,20.0
17.0,0.0,0.0,0.0,0.0,0.0,0.0,0.0,0.0,0.0,0.0,0.0,0.0,0.0,0.0,0.0
0.0,22.0,12.0,5.0,10.0,12.0,8.0,13.0,8.0,0.0,0.0,0.0,0.0,0.0,0.0,0.0
0.0,0.0,7.0,7.0,11.0,9.0,12.0,8.0,10.0,25.0,11.0,9.0,12.0,2.0,0.0,0.0
0.0,0.0,0.0,0.0,0.0,0.0,0.0,0.0,0.0,0.0,7.0,6.0,12.0,12.0,21.0,0.0
0.0,0.0,0.0,0.0,0.0,0.0,0.0,0.0,0.0,0.0,0.0,0.0,0.0,0.0,0.0,24.0
19.0,0.0,0.0,0.0,0.0,0.0,0.0,0.0,0.0,0.0,0.0,0.0,0.0,0.0,0.0,0.0
0.0,24.0,13.0,5.0,10.0,12.0,9.0,11.0,9.0,0.0,0.0,0.0,0.0,0.0,0.0,0.0
0.0,0.0,10.0,6.0,9.0,9.0,12.0,8.0,9.0,25.0,8.0,6.0,10.0,2.0,0.0,0.0
0.0,0.0,0.0,0.0,0.0,0.0,0.0,0.0,0.0,0.0,10.0,5.0,8.0,13.0,21.0,0.0
0.0,0.0,0.0,0.0,0.0,0.0,0.0,0.0,0.0,0.0,0.0,0.0,0.0,0.0,0.0,23.0
22.0,0.0,0.0,0.0,0.0,0.0,0.0,0.0,0.0,0.0,0.0,0.0,0.0,0.0,0.0,0.0
0.0,22.0,13.0,5.0,10.0,12.0,8.0,13.0,9.0,0.0,0.0,0.0,0.0,0.0,0.0,0.0
0.0,0.0,9.0,7.0,9.0,9.0,12.0,8.0,9.0,25.0,8.0,8.0,8.0,2.0,0.0,0.0
0.0,0.0,0.0,0.0,0.0,0.0,0.0,0.0,0.0,0.0,7.0,9.0,6.0,13.0,21.0,0.0
0.0,0.0,0.0,0.0,0.0,0.0,0.0,0.0,0.0,0.0,0.0,0.0,0.0,0.0,0.0,22.0
17.0,0.0,0.0,0.0,0.0,0.0,0.0,0.0,0.0,0.0,0.0,0.0,0.0,0.0,0.0,0.0
0.0,23.0,13.0,7.0,10.0,12.0,11.0,13.0,9.0,0.0,0.0,0.0,0.0,0.0,0.0,0.0
0.0,0.0,9.0,6.0,11.0,9.0,12.0,6.0,11.0,25.0,9.0,10.0,12.0,2.0,0.0,0.0
0.0,0.0,0.0,0.0,0.0,0.0,0.0,0.0,0.0,0.0,8.0,3.0,12.0,13.0,21.0,0.0
0.0,0.0,0.0,0.0,0.0,0.0,0.0,0.0,0.0,0.0,0.0,0.0,0.0,0.0,0.0,24.0
16.0,0.0,0.0,0.0,0.0,0.0,0.0,0.0,0.0,0.0,0.0,0.0,0.0,0.0,0.0,0.0
0.0,22.0,12.0,8.0,10.0,11.0,10.0,12.0,9.0,0.0,0.0,0.0,0.0,0.0,0.0,0.0
0.0,0.0,10.0,6.0,11.0,9.0,12.0,7.0,11.0,25.0,10.0,8.0,9.0,2.0,0.0,0.0
0.0,0.0,0.0,0.0,0.0,0.0,0.0,0.0,0.0,0.0,6.0,5.0,11.0,13.0,21.0,0.0
0.0,0.0,0.0,0.0,0.0,0.0,0.0,0.0,0.0,0.0,0.0,0.0,0.0,0.0,0.0,20.0
20.0,0.0,0.0,0.0,0.0,0.0,0.0,0.0,0.0,0.0,0.0,0.0,0.0,0.0,0.0,0.0
0.0,23.0,13.0,6.0,10.0,10.0,11.0,13.0,9.0,0.0,0.0,0.0,0.0,0.0,0.0,0.0
0.0,0.0,8.0,6.0,10.0,9.0,12.0,7.0,9.0,25.0,8.0,6.0,10.0,2.0,0.0,0.0
0.0,0.0,0.0,0.0,0.0,0.0,0.0,0.0,0.0,0.0,7.0,2.0,10.0,13.0,21.0,0.0
0.0,0.0,0.0,0.0,0.0,0.0,0.0,0.0,0.0,0.0,0.0,0.0,0.0,0.0,0.0,20.0
19.0,0.0,0.0,0.0,0.0,0.0,0.0,0.0,0.0,0.0,0.0,0.0,0.0,0.0,0.0,0.0
0.0,21.0,12.0,9.0,10.0,12.0,10.0,12.0,8.0,0.0,0.0,0.0,0.0,0.0,0.0,0.0
0.0,0.0,10.0,7.0,10.0,9.0,12.0,8.0,9.0,25.0,9.0,7.0,8.0,2.0,0.0,0.0
0.0,0.0,0.0,0.0,0.0,0.0,0.0,0.0,0.0,0.0,10.0,2.0,7.0,12.0,21.0,0.0
0.0,0.0,0.0,0.0,0.0,0.0,0.0,0.0,0.0,0.0,0.0,0.0,0.0,0.0,0.0,23.0
17.0,0.0,0.0,0.0,0.0,0.0,0.0,0.0,0.0,0.0,0.0,0.0,0.0,0.0,0.0,0.0
0.0,22.0,13.0,9.0,10.0,10.0,10.0,13.0,8.0,0.0,0.0,0.0,0.0,0.0,0.0,0.0
0.0,0.0,9.0,6.0,4.0,9.0,12.0,8.0,11.0,25.0,8.0,7.0,12.0,2.0,0.0,0.0
0.0,0.0,0.0,0.0,0.0,0.0,0.0,0.0,0.0,0.0,9.0,4.0,8.0,13.0,21.0,0.0
0.0,0.0,0.0,0.0,0.0,0.0,0.0,0.0,0.0,0.0,0.0,0.0,0.0,0.0,0.0,21.0
23.0,0.0,0.0,0.0,0.0,0.0,0.0,0.0,0.0,0.0,0.0,0.0,0.0,0.0,0.0,0.0
0.0,20.0,12.0,9.0,10.0,10.0,8.0,11.0,9.0,0.0,0.0,0.0,0.0,0.0,0.0,0.0
0.0,0.0,10.0,6.0,4.0,9.0,12.0,8.0,11.0,25.0,8.0,8.0,8.0,2.0,0.0,0.0
0.0,0.0,0.0,0.0,0.0,0.0,0.0,0.0,0.0,0.0,7.0,7.0,5.0,13.0,21.0,0.0
0.0,0.0,0.0,0.0,0.0,0.0,0.0,0.0,0.0,0.0,0.0,0.0,0.0,0.0,0.0,24.0
23.0,0.0,0.0,0.0,0.0,0.0,0.0,0.0,0.0,0.0,0.0,0.0,0.0,0.0,0.0,0.0
0.0,21.0,12.0,9.0,10.0,10.0,11.0,11.0,8.0,0.0,0.0,0.0,0.0,0.0,0.0,0.0
0.0,0.0,7.0,7.0,9.0,9.0,12.0,8.0,11.0,25.0,9.0,10.0,11.0,2.0,0.0,0.0
0.0,0.0,0.0,0.0,0.0,0.0,0.0,0.0,0.0,0.0,7.0,8.0,6.0,13.0,21.0,0.0
0.0,0.0,0.0,0.0,0.0,0.0,0.0,0.0,0.0,0.0,0.0,0.0,0.0,0.0,0.0,24.0
