26.0,0.0,0.0,0.0,0.0,0.0,0.0,0.0,0.0,0.0,0.0,0.0,0.0,0.0,0.0,0.0
0.0,13.0,4.0,10.0,9.0,10.0,12.0,6.0,7.0,0.0,0.0,0.0,0.0,0.0,0.0,0.0
0.0,0.0,9.0,12.0,8.0,11.0,14.0,12.0,2.0,23.0,3.0,2.0,11.0,5.0,0.0,0.0
0.0,0.0,0.0,0.0,0.0,0.0,0.0,0.0,0.0,0.0,5.0,13.0,10.0,8.0,16.0,0.0
0.0,0.0,0.0,0.0,0.0,0.0,0.0,0.0,0.0,0.0,0.0,0.0,0.0,0.0,0.0,22.0
25.0,0.0,0.0,0.0,0.0,0.0,0.0,0.0,0.0,0.0,0.0,0.0,0.0,0.0,0.0,0.0
0.0,14.0,3.0,10.0,12.0,10.0,13.0,7.0,9.0,0.0,0.0,0.0,0.0,0.0,0.0,0.0
0.0,0.0,9.0,11.0,9.0,11.0,13.0,13.0,6.0,22.0,3.0,9.0,13.0,4.0,0.0,0.0
0.0,0.0,0.0,0.0,0.0,0.0,0.0,0.0,0.0,0.0,6.0,14.0,11.0,6.0,22.0,0.0
0.0,0.0,0.0,0.0,0.0,0.0,0.0,0.0,0.0,0.0,0.0,0.0,0.0,0.0,0.0,18.0
26.0,0.0,0.0,0.0,0.0,0.0,0.0,0.0,0.0,0.0,0.0,0.0,0.0,0.0,0.0,0.0
0.0,16.0,4.0,10.0,12.0,10.0,13.0,9.0,9.0,0.0,0.0,0.0,0.0,0.0,0.0,0.0
0.0,0.0,10.0,11.0,9.0,4.0,13.0,13.0,2.0,24.0,5.0,8.0,11.0,5.0,0.0,0.0
0.0,0.0,0.0,0.0,0.0,0.0,0.0,0.0,0.0,0.0,5.0,12.0,8.0,13.0,22.0,0.0
0.0,0.0,0.0,0.0,0.0,0.0,0.0,0.0,0.0,0.0,0.0,0.0,0.0,0.0,0.0,21.0
23.0,0.0,0.0,0.0,0.0,0.0,0.0,0.0,0.0,0.0,0.0,0.0,0.0,0.0,0.0,0.0
0.0,15.0,4.0,10.0,10.0,10.0,12.0,6.0,6.0,0.0,0.0,0.0,0.0,0.0,0.0,0.0
0.0,0.0,9.0,12.0,7.0,10.0,13.0,12.0,6.0,23.0,4.0,5.0,13.0,5.0,0.0,0.0
0.0,0.0,0.0,0.0,0.0,0.0,0.0,0.0,0.0,0.0,5.0,14.0,9.0,9.0,16.0,0.0
0.0,0.0,0.0,0.0,0.0,0.0,0.0,0.0,0.0,0.0,0.0,0.0,0.0,0.0,0.0,21.0
25.0,0.0,0.0,0.0,0.0,0.0,0.0,0.0,0.0,0.0,0.0,0.0,0.0,0.0,0.0,0.0
0.0,13.0,3.0,10.0,9.0,10.0,12.0,8.0,8.0,0.0,0.0,0.0,0.0,0.0,0.0,0.0
0.0,0.0,10.0,11.0,6.0,6.0,13.0,12.0,7.0,23.0,5.0,2.0,12.0,5.0,0.0,0.0
0.0,0.0,0.0,0.0,0.0,0.0,0.0,0.0,0.0,0.0,5.0,13.0,11.0,10.0,18.0,0.0
0.0,0.0,0.0,0.0,0.0,0.0,0.0,0.0,0.0,0.0,0.0,0.0,0.0,0.0,0.0,17.0
22.0,0.0,0.0,0.0,0.0,0.0,0.0,0.0,0.0,0.0,0.0,0.0,0.0,0.0,0.0,0.0
0.0,13.0,4.0,10.0,8.0,10.0,12.0,5.0,8.0,0.0,0.0,0.0,0.0,0.0,0.0,0.0
0.0,0.0,9.0,12.0,7.0,4.0,14.0,12.0,8.0,23.0,3.0,3.0,12.0,5.0,0.0,0.0
0.0,0.0,0.0,0.0,0.0,0.0,0.0,0.0,0.0,0.0,5.0,12.0,9.0,9.0,14.0,0.0
0.0,0.0,0.0,0.0,0.0,0.0,0.0,0.0,0.0,0.0,0.0,0.0,0.0,0.0,0.0,20.0
21.0,0.0,0.0,0.0,0.0,0.0,0.0,0.0,0.0,0.0,0.0,0.0,0.0,0.0,0.0,0.0
0.0,14.0,4.0,10.0,6.0,10.0,12.0,2.0,6.0,0.0,0.0,0.0,0.0,0.0,0.0,0.0
0.0,0.0,10.0,11.0,7.0,10.0,13.0,12.0,6.0,24.0,5.0,9.0,12.0,4.0,0.0,0.0
0.0,0.0,0.0,0.0,0.0,0.0,0.0,0.0,0.0,0.0,6.0,14.0,9.0,10.0,23.0,0.0
0.0,0.0,0.0,0.0,0.0,0.0,0.0,0.0,0.0,0.0,0.0,0.0,0.0,0.0,0.0,17.0
26.0,0.0,0.0,0.0,0.0,0.0,0.0,0.0,0.0,0.0,0.0,0.0,0.0,0.0,0.0,0.0
0.0,15.0,4.0,10.0,12.0,10.0,13.0,10.0,9.0,0.0,0.0,0.0,0.0,0.0,0.0,0.0
0.0,0.0,10.0,11.0,7.0,3.0,12.0,13.0,5.0,22.0,4.0,10.0,11.0,5.0,0.0,0.0
0.0,0.0,0.0,0.0,0.0,0.0,0.0,0.0,0.0,0.0,6.0,13.0,8.0,13.0,23.0,0.0
0.0,0.0,0.0,0.0,0.0,0.0,0.0,0.0,0.0,0.0,0.0,0.0,0.0,0.0,0.0,19.0
24.0,0.0,0.0,0.0,0.0,0.0,0.0,0.0,0.0,0.0,0.0,0.0,0.0,0.0,0.0,0.0
0.0,16.0,4.0,10.0,9.0,10.0,12.0,8.0,8.0,0.0,0.0,0.0,0.0,0.0,0.0,0.0
0.0,0.0,9.0,12.0,8.0,6.0,14.0,13.0,6.0,23.0,3.0,3.0,12.0,4.0,0.0,0.0
0.0,0.0,0.0,0.0,0.0,0.0,0.0,0.0,0.0,0.0,6.0,12.0,10.0,6.0,21.0,0.0
0.0,0.0,0.0,0.0,0.0,0.0,0.0,0.0,0.0,0.0,0.0,0.0,0.0,0.0,0.0,21.0
22.0,0.0,0.0,0.0,0.0,0.0,0.0,0.0,0.0,0.0,0.0,0.0,0.0,0.0,0.0,0.0
0.0,13.0,4.0,10.0,10.0,10.0,13.0,7.0,9.0,0.0,0.0,0.0,0.0,0.0,0.0,0.0
0.0,0.0,10.0,11.0,8.0,11.0,13.0,13.0,8.0,22.0,3.0,11.0,12.0,4.0,0.0,0.0
0.0,0.0,0.0,0.0,0.0,0.0,0.0,0.0,0.0,0.0,5.0,13.0,9.0,13.0,13.0,0.0
0.0,0.0,0.0,0.0,0.0,0.0,0.0,0.0,0.0,0.0,0.0,0.0,0.0,0.0,0.0,18.0
22.0,0.0,0.0,0.0,0.0,0.0,0.0,0.0,0.0,0.0,0.0,0.0,0.0,0.0,0.0,0.0
0.0,15.0,3.0,10.0,8.0,10.0,12.0,4.0,7.0,0.0,0.0,0.0,0.0,0.0,0.0,0.0
0.0,0.0,10.0,11.0,9.0,5.0,12.0,12.0,2.0,22.0,4.0,2.0,11.0,4.0,0.0,0.0
0.0,0.0,0.0,0.0,0.0,0.0,0.0,0.0,0.0,0.0,5.0,14.0,10.0,7.0,21.0,0.0
0.0,0.0,0.0,0.0,0.0,0.0,0.0,0.0,0.0,0.0,0.0,0.0,0.0,0.0,0.0,17.0
26.0,0.0,0.0,0.0,0.0,0.0,0.0,0.0,0.0,0.0,0.0,0.0,0.0,0.0,0.0,0.0
0.0,14.0,3.0,10.0,10.0,10.0,12.0,5.0,8.0,0.0,0.0,0.0,0.0,0.0,0.0,0.0
0.0,0.0,10.0,12.0,8.0,5.0,14.0,13.0,7.0,22.0,4.0,3.0,11.0,5.0,0.0,0.0
0.0,0.0,0.0,0.0,0.0,0.0,0.0,0.0,0.0,0.0,6.0,12.0,8.0,8.0,27.0,0.0
0.0,0.0,0.0,0.0,0.0,0.0,0.0,0.0,0.0,0.0,0.0,0.0,0.0,0.0,0.0,25.0
26.0,0.0,0.0,0.0,0.0,0.0,0.0,0.0,0.0,0.0,0.0,0.0,0.0,0.0,0.0,0.0
0.0,13.0,4.0,10.0,10.0,10.0,12.0,4.0,6.0,0.0,0.0,0.0,0.0,0.0,0.0,0.0
0.0,0.0,9.0,12.0,7.0,3.0,13.0,13.0,6.0,22.0,5.0,2.0,11.0,5.0,0.0,0.0
0.0,0.0,0.0,0.0,0.0,0.0,0.0,0.0,0.0,0.0,6.0,12.0,8.0,9.0,12.0,0.0
0.0,0.0,0.0,0.0,0.0,0.0,0.0,0.0,0.0,0.0,0.0,0.0,0.0,0.0,0.0,17.0
25.0,0.0,0.0,0.0,0.0,0.0,0.0,0.0,0.0,0.0,0.0,0.0,0.0,0.0,0.0,0.0
0.0,13.0,3.0,10.0,8.0,10.0,12.0,9.0,6.0,0.0,0.0,0.0,0.0,0.0,0.0,0.0
0.0,0.0,9.0,12.0,6.0,6.0,12.0,13.0,7.0,22.0,4.0,3.0,11.0,4.0,0.0,0.0
0.0,0.0,0.0,0.0,0.0,0.0,0.0,0.0,0.0,0.0,5.0,14.0,8.0,13.0,26.0,0.0
0.0,0.0,0.0,0.0,0.0,0.0,0.0,0.0,0.0,0.0,0.0,0.0,0.0,0.0,0.0,24.0
26.0,0.0,0.0,0.0,0.0,0.0,0.0,0.0,0.0,0.0,0.0,0.0,0.0,0.0,0.0,0.0
0.0,15.0,3.0,10.0,12.0,10.0,13.0,7.0,9.0,0.0,0.0,0.0,0.0,0.0,0.0,0.0
0.0,0.0,10.0,12.0,8.0,3.0,12.0,12.0,8.0,22.0,4.0,4.0,12.0,4.0,0.0,0.0
0.0,0.0,0.0,0.0,0.0,0.0,0.0,0.0,0.0,0.0,6.0,13.0,8.0,6.0,13.0,0.0
0.0,0.0,0.0,0.0,0.0,0.0,0.0,0.0,0.0,0.0,0.0,0.0,0.0,0.0,0.0,25.0
23.0,0.0,0.0,0.0,0.0,0.0,0.0,0.0,0.0,0.0,0.0,0.0,0.0,0.0,0.0,0.0
0.0,16.0,4.0,10.0,11.0,10.0,13.0,7.0,8.0,0.0,0.0,0.0,0.0,0.0,0.0,0.0
0.0,0.0,10.0,11.0,8.0,8.0,13.0,13.0,4.0,24.0,3.0,10.0,13.0,5.0,0.0,0.0
0.0,0.0,0.0,0.0,0.0,0.0,0.0,0.0,0.0,0.0,5.0,14.0,11.0,13.0,20.0,0.0
0.0,0.0,0.0,0.0,0.0,0.0,0.0,0.0,0.0,0.0,0.0,0.0,0.0,0.0,0.0,20.0
23.0,0.0,0.0,0.0,0.0,0.0,0.0,0.0,0.0,0.0,0.0,0.0,0.0,0.0,0.0,0.0
0.0,15.0,4.0,10.0,6.0,10.0,12.0,7.0,8.0,0.0,0.0,0.0,0.0,0.0,0.0,0.0
0.0,0.0,9.0,12.0,7.0,3.0,14.0,12.0,5.0,22.0,3.0,10.0,11.0,5.0,0.0,0.0
0.0,0.0,0.0,0.0,0.0,0.0,0.0,0.0,0.0,0.0,6.0,14.0,9.0,11.0,14.0,0.0
0.0,0.0,0.0,0.0,0.0,0.0,0.0,0.0,0.0,0.0,0.0,0.0,0.0,0.0,0.0,25.0
26.0,0.0,0.0,0.0,0.0,0.0,0.0,0.0,0.0,0.0,0.0,0.0,0.0,0.0,0.0,0.0
0.0,14.0,4.0,10.0,6.0,10.0,12.0,4.0,6.0,0.0,0.0,0.0,0.0,0.0,0.0,0.0
0.0,0.0,9.0,12.0,7.0,3.0,14.0,12.0,2.0,24.0,5.0,7.0,11.0,4.0,0.0,0.0
0.0,0.0,0.0,0.0,0.0,0.0,0.0,0.0,0.0,0.0,5.0,14.0,11.0,6.0,27.0,0.0
0.0,0.0,0.0,0.0,0.0,0.0,0.0,0.0,0.0,0.0,0.0,0.0,0.0,0.0,0.0,24.0
24.0,0.0,0.0,0.0,0.0,0.0,0.0,0.0,0.0,0.0,0.0,0.0,0.0,0.0,0.0,0.0
0.0,17.0,4.0,10.0,9.0,10.0,13.0,2.0,8.0,0.0,0.0,0.0,0.0,0.0,0.0,0.0
0.0,0.0,9.0,11.0,6.0,6.0,13.0,13.0,5.0,22.0,5.0,11.0,11.0,5.0,0.0,0.0
0.0,0.0,0.0,0.0,0.0,0.0,0.0,0.0,0.0,0.0,5.0,12.0,11.0,5.0,16.0,0.0
0.0,0.0,0.0,0.0,0.0,0.0,0.0,0.0,0.0,0.0,0.0,0.0,0.0,0.0,0.0,18.0
22.0,0.0,0.0,0.0,0.0,0.0,0.0,0.0,0.0,0.0,0.0,0.0,0.0,0.0,0.0,0.0
0.0,15.0,4.0,10.0,9.0,10.0,13.0,2.0,7.0,0.0,0.0,0.0,0.0,0.0,0.0,0.0
0.0,0.0,9.0,11.0,7.0,8.0,13.0,12.0,7.0,24.0,4.0,3.0,13.0,5.0,0.0,0.0
0.0,0.0,0.0,0.0,0.0,0.0,0.0,0.0,0.0,0.0,6.0,13.0,9.0,9.0,18.0,0.0
0.0,0.0,0.0,0.0,0.0,0.0,0.0,0.0,0.0,0.0,0.0,0.0,0.0,0.0,0.0,20.0
23.0,0.0,0.0,0.0,0.0,0.0,0.0,0.0,0.0,0.0,0.0,0.0,0.0,0.0,0.0,0.0
0.0,15.0,4.0,10.0,7.0,10.0,12.0,6.0,8.0,0.0,0.0,0.0,0.0,0.0,0.0,0.0
0.0,0.0,9.0,12.0,6.0,3.0,13.0,13.0,2.0,22.0,3.0,9.0,12.0,5.0,0.0,0.0
0.0,0.0,0.0,0.0,0.0,0.0,0.0,0.0,0.0,0.0,6.0,14.0,10.0,7.0,23.0,0.0
0.0,0.0,0.0,0.0,0.0,0.0,0.0,0.0,0.0,0.0,0.0,0.0,0.0,0.0,0.0,22.0
23.0,0.0,0.0,0.0,0.0,0.0,0.0,0.0,0.0,0.0,0.0,0.0,0.0,0.0,0.0,0.0
0.0,14.0,4.0,10.0,12.0,10.0,12.0,8.0,6.0,0.0,0.0,0.0,0.0,0.0,0.0,0.0
0.0,0.0,10.0,11.0,6.0,3.0,14.0,12.0,5.0,22.0,3.0,4.0,12.0,4.0,0.0,0.0
0.0,0.0,0.0,0.0,0.0,0.0,0.0,0.0,0.0,0.0,6.0,12.0,8.0,10.0,24.0,0.0
0.0,0.0,0.0,0.0,0.0,0.0,0.0,0.0,0.0,0.0,0.0,0.0,0.0,0.0,0.0,25.0
22.0,0.0,0.0,0.0,0.0,0.0,0.0,0.0,0.0,0.0,0.0,0.0,0.0,0.0,0.0,0.0
0.0,17.0,4.0,10.0,7.0,10.0,13.0,7.0,9.0,0.0,0.0,0.0,0.0,0.0,0.0,0.0
0.0,0.0,10.0,12.0,9.0,5.0,12.0,13.0,6.0,22.0,5.0,2.0,11.0,5.0,0.0,0.0
0.0,0.0,0.0,0.0,0.0,0.0,0.0,0.0,0.0,0.0,5.0,13.0,10.0,10.0,25.0,0.0
0.0,0.0,0.0,0.0,0.0,0.0,0.0,0.0,0.0,0.0,0.0,0.0,0.0,0.0,0.0,16.0
22.0,0.0,0.0,0.0,0.0,0.0,0.0,0.0,0.0,0.0,0.0,0.0,0.0,0.0,0.0,0.0
0.0,17.0,4.0,10.0,8.0,10.0,12.0,9.0,9.0,0.0,0.0,0.0,0.0,0.0,0.0,0.0
0.0,0.0,10.0,12.0,9.0,11.0,12.0,12.0,8.0,23.0,3.0,11.0,12.0,4.0,0.0,0.0
0.0,0.0,0.0,0.0,0.0,0.0,0.0,0.0,0.0,0.0,5.0,13.0,10.0,7.0,24.0,0.0
0.0,0.0,0.0,0.0,0.0,0.0,0.0,0.0,0.0,0.0,0.0,0.0,0.0,0.0,0.0,17.0
23.0,0.0,0.0,0.0,0.0,0.0,0.0,0.0,0.0,0.0,0.0,0.0,0.0,0.0,0.0,0.0
0.0,15.0,3.0,10.0,11.0,10.0,12.0,9.0,6.0,0.0,0.0,0.0,0.0,0.0,0.0,0.0
0.0,0.0,10.0,12.0,9.0,4.0,13.0,12.0,5.0,23.0,5.0,11.0,12.0,4.0,0.0,0.0
0.0,0.0,0.0,0.0,0.0,0.0,0.0,0.0,0.0,0.0,6.0,14.0,8.0,13.0,22.0,0.0
0.0,0.0,0.0,0.0,0.0,0.0,0.0,0.0,0.0,0.0,0.0,0.0,0.0,0.0,0.0,17.0
